,종목코드,종목명,날짜,시가,고가,저가,종가,거래량,증권전산업종코드,발행주식수
0,A005387,현대차2우B,20210823,96800,97500,95500,97300,29914,015,36485000
1,A005387,현대차2우B,20210820,99100,99600,96000,96800,103564,015,36485000
2,A005387,현대차2우B,20210819,98400,99600,98000,99000,123756,015,36485000
3,A005387,현대차2우B,20210818,98600,99900,98400,98900,94525,015,36485000
4,A005387,현대차2우B,20210817,100000,101000,98600,98600,115683,015,36485000
5,A005387,현대차2우B,20210813,103000,103000,99800,100000,255459,015,36485000
6,A005387,현대차2우B,20210812,102500,104500,102000,102500,140126,015,36485000
7,A005387,현대차2우B,20210811,103000,103500,101500,102500,62101,015,36485000
8,A005387,현대차2우B,20210810,103500,103500,101500,103000,106104,015,36485000
9,A005387,현대차2우B,20210809,104500,104500,102500,103500,141932,015,36485000
10,A005387,현대차2우B,20210806,106500,106500,104000,104500,137205,015,36485000
11,A005387,현대차2우B,20210805,106500,107000,105000,106000,98549,015,36485000
12,A005387,현대차2우B,20210804,106500,107000,106000,107000,71859,015,36485000
13,A005387,현대차2우B,20210803,105000,106500,104500,106500,115483,015,36485000
14,A005387,현대차2우B,20210802,104500,105500,103500,105500,72805,015,36485000
15,A005387,현대차2우B,20210730,106000,106000,104000,104000,93362,015,36485000
16,A005387,현대차2우B,20210729,106000,106500,104500,105500,90375,015,36485000
17,A005387,현대차2우B,20210728,106500,106500,104500,106000,160103,015,36485000
18,A005387,현대차2우B,20210727,106500,107500,106000,107000,149972,015,36485000
19,A005387,현대차2우B,20210726,108500,108500,105000,107000,149703,015,36485000
20,A005387,현대차2우B,20210723,110000,110500,107000,108000,159426,015,36485000
21,A005387,현대차2우B,20210722,110500,111500,109500,110000,136384,015,36485000
22,A005387,현대차2우B,20210721,113000,113500,110000,110500,117146,015,36485000
23,A005387,현대차2우B,20210720,111500,113000,110500,112000,79266,015,36485000
24,A005387,현대차2우B,20210719,113000,113500,111500,112500,87412,015,36485000
25,A005387,현대차2우B,20210716,113500,114500,112000,114500,71877,015,36485000
26,A005387,현대차2우B,20210715,112000,114000,111000,113500,95136,015,36485000
27,A005387,현대차2우B,20210714,111500,113000,111000,112000,78816,015,36485000
28,A005387,현대차2우B,20210713,110500,112000,110500,112000,55841,015,36485000
29,A005387,현대차2우B,20210712,111500,112500,110000,111000,96556,015,36485000
30,A005387,현대차2우B,20210709,111000,111000,108000,109500,111575,015,36485000
31,A005387,현대차2우B,20210708,112500,113500,110000,112000,139245,015,36485000
32,A005387,현대차2우B,20210707,113500,114000,112000,112000,65578,015,36485000
33,A005387,현대차2우B,20210706,114000,115500,113500,113500,53258,015,36485000
34,A005387,현대차2우B,20210705,114500,115000,113000,114000,40923,015,36485000
35,A005387,현대차2우B,20210702,115000,115500,114000,114000,72917,015,36485000
36,A005387,현대차2우B,20210701,115000,115500,113000,115000,113161,015,36485000
37,A005387,현대차2우B,20210630,116000,116500,114500,115000,113308,015,36485000
38,A005387,현대차2우B,20210629,116500,118000,115000,115000,145054,015,36485000
39,A005387,현대차2우B,20210628,118000,118500,116500,117500,63818,015,36485000
40,A005387,현대차2우B,20210625,117500,118000,116000,117500,70102,015,36485000
41,A005387,현대차2우B,20210624,118000,120000,117000,117000,126129,015,36485000
42,A005387,현대차2우B,20210623,118000,118500,116500,117500,85377,015,36485000
43,A005387,현대차2우B,20210622,115000,118500,115000,116500,61254,015,36485000
44,A005387,현대차2우B,20210621,115500,116500,114000,114000,60597,015,36485000
45,A005387,현대차2우B,20210618,117000,117500,116000,116000,69030,015,36485000
46,A005387,현대차2우B,20210617,117000,118000,115500,116500,84712,015,36485000
47,A005387,현대차2우B,20210616,116500,119000,116000,117000,54895,015,36485000
48,A005387,현대차2우B,20210615,115500,116500,114500,116000,32204,015,36485000
49,A005387,현대차2우B,20210614,115500,116500,114500,115500,66884,015,36485000
50,A005387,현대차2우B,20210611,116500,118500,116000,116500,48125,015,36485000
51,A005387,현대차2우B,20210610,118000,118000,115000,115500,117750,015,36485000
52,A005387,현대차2우B,20210609,120500,121000,118000,118000,46901,015,36485000
53,A005387,현대차2우B,20210608,119000,122000,118000,120500,156071,015,36485000
54,A005387,현대차2우B,20210607,118000,121500,117500,119000,109031,015,36485000
55,A005387,현대차2우B,20210604,114000,117500,113500,117000,144634,015,36485000
56,A005387,현대차2우B,20210603,113000,114000,112000,113000,114819,015,36485000
57,A005387,현대차2우B,20210602,112500,115000,112000,112500,92423,015,36485000
58,A005387,현대차2우B,20210601,112000,113500,110500,112000,135283,015,36485000
59,A005387,현대차2우B,20210531,110500,112500,109500,112000,61271,015,36485000
60,A005387,현대차2우B,20210528,107000,111000,106500,109500,158414,015,36485000
61,A005387,현대차2우B,20210527,111000,111000,105500,105500,224459,015,36485000
62,A005387,현대차2우B,20210526,111000,111000,109500,110500,58422,015,36485000
63,A005387,현대차2우B,20210525,111500,112000,110000,111000,53756,015,36485000
64,A005387,현대차2우B,20210524,109500,111500,109500,111000,75005,015,36485000
65,A005387,현대차2우B,20210521,110500,112500,109500,109500,130608,015,36485000
66,A005387,현대차2우B,20210520,111000,111500,109000,109500,101195,015,36485000
67,A005387,현대차2우B,20210518,110000,112500,110000,111500,71319,015,36485000
68,A005387,현대차2우B,20210517,114500,114500,110000,111000,120019,015,36485000
69,A005387,현대차2우B,20210514,114500,116000,112000,113000,63394,015,36485000
70,A005387,현대차2우B,20210513,110500,114000,109500,113000,190345,015,36485000
71,A005387,현대차2우B,20210512,113000,117000,111500,112500,106909,015,36485000
72,A005387,현대차2우B,20210511,112500,113500,111000,112500,89636,015,36485000
73,A005387,현대차2우B,20210510,111500,115000,111500,113500,157526,015,36485000
74,A005387,현대차2우B,20210507,107500,112000,107500,111000,169053,015,36485000
75,A005387,현대차2우B,20210506,106000,108500,105000,107500,75636,015,36485000
76,A005387,현대차2우B,20210504,107000,107500,104500,106500,69279,015,36485000
77,A005387,현대차2우B,20210503,106000,109000,105500,106000,112481,015,36485000
78,A005387,현대차2우B,20210430,106000,107500,104500,106000,153447,015,36485000
79,A005387,현대차2우B,20210429,106000,108000,104500,107000,122064,015,36485000
80,A005387,현대차2우B,20210428,104500,107000,104500,105500,83212,015,36485000
81,A005387,현대차2우B,20210427,107000,107000,105000,105500,58845,015,36485000
82,A005387,현대차2우B,20210426,106000,106500,105000,106500,85451,015,36485000
83,A005387,현대차2우B,20210423,105500,106500,104500,105000,128640,015,36485000
84,A005387,현대차2우B,20210422,105000,107500,104500,106000,86873,015,36485000
85,A005387,현대차2우B,20210421,106500,107000,104000,104000,92180,015,36485000
86,A005387,현대차2우B,20210420,107000,108500,106500,107500,94798,015,36485000
87,A005387,현대차2우B,20210419,107500,108500,107000,107000,60714,015,36485000
88,A005387,현대차2우B,20210416,107500,108500,107000,107000,54772,015,36485000
89,A005387,현대차2우B,20210415,109000,109000,107000,107500,54436,015,36485000
90,A005387,현대차2우B,20210414,108500,110500,108000,108500,63442,015,36485000
91,A005387,현대차2우B,20210413,106500,109000,106000,108000,128175,015,36485000
92,A005387,현대차2우B,20210412,104500,106500,103500,106500,142143,015,36485000
93,A005387,현대차2우B,20210409,105500,105500,104000,104500,108687,015,36485000
94,A005387,현대차2우B,20210408,104500,106000,103500,105500,80455,015,36485000
95,A005387,현대차2우B,20210407,104500,106000,103000,105000,155752,015,36485000
96,A005387,현대차2우B,20210406,107500,107500,104500,105500,82769,015,36485000
97,A005387,현대차2우B,20210405,106500,107000,104500,106500,58771,015,36485000
98,A005387,현대차2우B,20210402,100500,106500,100000,105500,212281,015,36485000
99,A005387,현대차2우B,20210401,99200,100500,98300,98500,63218,015,36485000
100,A005387,현대차2우B,20210331,99700,99900,98000,98000,50916,015,36485000
101,A005387,현대차2우B,20210330,96800,100500,96800,99600,84428,015,36485000
102,A005387,현대차2우B,20210329,97900,97900,96600,97900,93871,015,36485000
103,A005387,현대차2우B,20210326,98000,98100,97000,97700,58440,015,36485000
104,A005387,현대차2우B,20210325,98300,98800,96800,97300,86487,015,36485000
105,A005387,현대차2우B,20210324,100000,100500,98300,98300,164927,015,36485000
106,A005387,현대차2우B,20210323,101000,102000,100000,100500,122476,015,36485000
107,A005387,현대차2우B,20210322,101000,101500,99800,100500,59491,015,36485000
108,A005387,현대차2우B,20210319,101000,103000,100000,100000,106717,015,36485000
109,A005387,현대차2우B,20210318,100000,103500,100000,102500,112194,015,36485000
110,A005387,현대차2우B,20210317,101500,101500,99200,99400,94919,015,36485000
111,A005387,현대차2우B,20210316,103000,103500,100500,101500,77977,015,36485000
112,A005387,현대차2우B,20210315,101500,103500,100000,102000,48142,015,36485000
113,A005387,현대차2우B,20210312,100000,101500,99700,101500,102618,015,36485000
114,A005387,현대차2우B,20210311,97400,99600,97400,98200,60715,015,36485000
115,A005387,현대차2우B,20210310,101000,101500,96800,96900,70788,015,36485000
116,A005387,현대차2우B,20210309,98900,100500,96500,98800,106206,015,36485000
117,A005387,현대차2우B,20210308,102500,102500,98300,98500,121853,015,36485000
118,A005387,현대차2우B,20210305,100500,102000,98700,101000,118807,015,36485000
119,A005387,현대차2우B,20210304,102000,103500,101500,102000,91973,015,36485000
120,A005387,현대차2우B,20210303,104000,104500,100500,103500,183737,015,36485000
121,A005387,현대차2우B,20210302,105000,107500,102500,104500,131664,015,36485000
122,A005387,현대차2우B,20210226,104000,108000,101500,102000,232077,015,36485000
123,A005387,현대차2우B,20210225,104500,107500,102500,107000,168353,015,36485000
124,A005387,현대차2우B,20210224,109000,110000,102500,103500,169394,015,36485000
125,A005387,현대차2우B,20210223,107000,109500,105000,108500,142563,015,36485000
126,A005387,현대차2우B,20210222,110500,112000,107500,108000,95770,015,36485000
127,A005387,현대차2우B,20210219,110000,112000,107500,110000,172848,015,36485000
128,A005387,현대차2우B,20210218,114000,115000,110000,110500,158076,015,36485000
129,A005387,현대차2우B,20210217,116500,116500,113500,114500,92856,015,36485000
130,A005387,현대차2우B,20210216,116000,116500,114500,116000,110865,015,36485000
131,A005387,현대차2우B,20210215,115000,116000,113000,115500,98652,015,36485000
132,A005387,현대차2우B,20210210,109500,113000,108000,113000,94318,015,36485000
133,A005387,현대차2우B,20210209,107000,110000,107000,108000,129668,015,36485000
134,A005387,현대차2우B,20210208,108000,109000,105500,107000,190124,015,36485000
135,A005387,현대차2우B,20210205,116000,116000,111500,114000,142959,015,36485000
136,A005387,현대차2우B,20210204,113500,116000,111500,114000,172180,015,36485000
137,A005387,현대차2우B,20210203,110000,112500,109000,111000,159805,015,36485000
138,A005387,현대차2우B,20210202,110500,111000,105000,107500,147122,015,36485000
139,A005387,현대차2우B,20210201,103000,109000,101000,108000,127937,015,36485000
140,A005387,현대차2우B,20210129,112000,112000,102000,103000,250714,015,36485000
141,A005387,현대차2우B,20210128,108500,111500,108000,109500,156137,015,36485000
142,A005387,현대차2우B,20210127,115500,117500,111500,112000,168531,015,36485000
143,A005387,현대차2우B,20210126,120500,121000,114000,115000,180599,015,36485000
144,A005387,현대차2우B,20210125,116000,121000,114500,120000,126843,015,36485000
145,A005387,현대차2우B,20210122,122500,123000,117000,117500,207426,015,36485000
146,A005387,현대차2우B,20210121,116500,123500,114500,122000,319389,015,36485000
147,A005387,현대차2우B,20210120,125000,126000,113000,114500,306597,015,36485000
148,A005387,현대차2우B,20210119,109000,118000,109000,117500,287452,015,36485000
149,A005387,현대차2우B,20210118,105000,112000,104000,107000,359238,015,36485000
150,A005387,현대차2우B,20210115,111500,112500,106500,106500,388705,015,36485000
151,A005387,현대차2우B,20210114,108500,113000,107000,108500,308699,015,36485000
152,A005387,현대차2우B,20210113,113500,116500,109000,111000,346198,015,36485000
153,A005387,현대차2우B,20210112,115500,117000,108500,112500,659867,015,36485000
154,A005387,현대차2우B,20210111,110500,127000,106000,115000,859727,015,36485000
155,A005387,현대차2우B,20210108,103000,112000,96800,103000,1253389,015,36485000
156,A005387,현대차2우B,20210107,90700,91700,90000,90700,240116,015,36485000
157,A005387,현대차2우B,20210106,93000,93100,89700,90200,222326,015,36485000
158,A005387,현대차2우B,20210105,92300,93300,91000,92600,215384,015,36485000
159,A005387,현대차2우B,20210104,89600,93900,89500,92800,367289,015,36485000
160,A005387,현대차2우B,20201230,89800,90200,89300,89600,117107,015,36485000
161,A005387,현대차2우B,20201229,90800,90800,88800,89800,224194,015,36485000
162,A005387,현대차2우B,20201228,92100,92400,90900,92000,146747,015,36485000
163,A005387,현대차2우B,20201224,91500,92500,91200,91600,66374,015,36485000
164,A005387,현대차2우B,20201223,90100,91700,89500,90900,86150,015,36485000
165,A005387,현대차2우B,20201222,90600,90800,89800,89900,114415,015,36485000
166,A005387,현대차2우B,20201221,93000,93100,90000,91100,114820,015,36485000
167,A005387,현대차2우B,20201218,92200,93200,91500,93000,134567,015,36485000
168,A005387,현대차2우B,20201217,92200,92900,91900,92400,102937,015,36485000
169,A005387,현대차2우B,20201216,91800,93300,91700,92400,135818,015,36485000
170,A005387,현대차2우B,20201215,91600,92400,90900,91500,105667,015,36485000
171,A005387,현대차2우B,20201214,91400,91600,90600,91400,133972,015,36485000
172,A005387,현대차2우B,20201211,90500,91400,90100,90800,160775,015,36485000
173,A005387,현대차2우B,20201210,89600,91100,88900,90100,101313,015,36485000
174,A005387,현대차2우B,20201209,89200,90300,89200,89900,118168,015,36485000
175,A005387,현대차2우B,20201208,90600,90600,89100,89400,141467,015,36485000
176,A005387,현대차2우B,20201207,91800,92700,90000,91200,93117,015,36485000
177,A005387,현대차2우B,20201204,92400,92900,91200,91800,181065,015,36485000
178,A005387,현대차2우B,20201203,88000,91900,87500,91900,215355,015,36485000
179,A005387,현대차2우B,20201202,87400,88000,87200,88000,137874,015,36485000
180,A005387,현대차2우B,20201201,86400,87300,85900,87300,103522,015,36485000
181,A005387,현대차2우B,20201130,86200,87900,85800,86600,294993,015,36485000
182,A005387,현대차2우B,20201127,84800,86300,84800,86000,73360,015,36485000
183,A005387,현대차2우B,20201126,85400,85700,84400,85000,222072,015,36485000
184,A005387,현대차2우B,20201125,87000,87400,85000,85300,123596,015,36485000
185,A005387,현대차2우B,20201124,87000,87100,86100,87000,120761,015,36485000
186,A005387,현대차2우B,20201123,85800,86900,85100,86700,128049,015,36485000
187,A005387,현대차2우B,20201120,85200,86000,84600,85600,317445,015,36485000
188,A005387,현대차2우B,20201119,85300,85500,84600,85000,469608,015,36485000
189,A005387,현대차2우B,20201118,86500,86700,84300,85300,236454,015,36485000
190,A005387,현대차2우B,20201117,86100,87300,85700,85900,169745,015,36485000
191,A005387,현대차2우B,20201116,87000,87500,85900,86000,109862,015,36485000
192,A005387,현대차2우B,20201113,85300,86300,84800,85900,100512,015,36485000
193,A005387,현대차2우B,20201112,84800,85800,84400,85300,151827,015,36485000
194,A005387,현대차2우B,20201111,83800,85600,83600,84900,131682,015,36485000
195,A005387,현대차2우B,20201110,83900,83900,82700,83600,81554,015,36485000
196,A005387,현대차2우B,20201109,82600,83400,82400,83200,116864,015,36485000
197,A005387,현대차2우B,20201106,83200,83500,81800,82300,152568,015,36485000
198,A005387,현대차2우B,20201105,82900,83000,82100,82600,135796,015,36485000
199,A005387,현대차2우B,20201104,82400,83200,81600,81700,68167,015,36485000
200,A005387,현대차2우B,20201103,82200,82400,81400,81700,56741,015,36485000
201,A005387,현대차2우B,20201102,80300,82000,80200,81700,89955,015,36485000
202,A005387,현대차2우B,20201030,82000,82400,79900,79900,165424,015,36485000
203,A005387,현대차2우B,20201029,83300,83400,82300,82300,61318,015,36485000
204,A005387,현대차2우B,20201028,84200,84800,82500,84400,126068,015,36485000
205,A005387,현대차2우B,20201027,84500,86500,84000,84600,84859,015,36485000
206,A005387,현대차2우B,20201026,83000,85100,81700,84300,50870,015,36485000
207,A005387,현대차2우B,20201023,82000,84100,81900,83200,66737,015,36485000
208,A005387,현대차2우B,20201022,82300,82300,80800,81700,89956,015,36485000
209,A005387,현대차2우B,20201021,82100,82700,80800,82500,68622,015,36485000
210,A005387,현대차2우B,20201020,78800,83000,78300,81800,245538,015,36485000
211,A005387,현대차2우B,20201019,84000,85200,83900,83900,109619,015,36485000
212,A005387,현대차2우B,20201016,87900,88000,84400,85000,168992,015,36485000
213,A005387,현대차2우B,20201015,88800,88800,87300,87700,87992,015,36485000
214,A005387,현대차2우B,20201014,88900,89500,87600,89000,119828,015,36485000
215,A005387,현대차2우B,20201013,88800,88900,86800,88200,77891,015,36485000
216,A005387,현대차2우B,20201012,88900,89600,88100,88500,125134,015,36485000
217,A005387,현대차2우B,20201008,90200,91000,88600,89800,74268,015,36485000
218,A005387,현대차2우B,20201007,89000,90000,88100,89800,83946,015,36485000
219,A005387,현대차2우B,20201006,92000,92400,89100,90000,99016,015,36485000
220,A005387,현대차2우B,20201005,89000,91700,89000,91100,106872,015,36485000
221,A005387,현대차2우B,20200929,88500,88900,87700,88200,182480,015,36485000
222,A005387,현대차2우B,20200928,87100,88100,86800,87500,55475,015,36485000
223,A005387,현대차2우B,20200925,84900,86500,84700,86300,85153,015,36485000
224,A005387,현대차2우B,20200924,85000,85900,84000,84900,136191,015,36485000
225,A005387,현대차2우B,20200923,89000,89400,85300,87100,130687,015,36485000
226,A005387,현대차2우B,20200922,90200,90200,87600,88200,142911,015,36485000
227,A005387,현대차2우B,20200921,89600,92200,88700,90300,119104,015,36485000
228,A005387,현대차2우B,20200918,90700,90700,88400,89500,140938,015,36485000
229,A005387,현대차2우B,20200917,91000,92000,89900,91000,258719,015,36485000
230,A005387,현대차2우B,20200916,88900,91100,88700,90300,186166,015,36485000
231,A005387,현대차2우B,20200915,89800,89800,87900,88500,106031,015,36485000
232,A005387,현대차2우B,20200914,84100,87400,84000,87400,102119,015,36485000
233,A005387,현대차2우B,20200911,82600,83700,82400,83100,107511,015,36485000
234,A005387,현대차2우B,20200910,84300,84300,82700,83100,64226,015,36485000
235,A005387,현대차2우B,20200909,82500,84700,82400,82700,107318,015,36485000
236,A005387,현대차2우B,20200908,85200,85500,83500,83500,117798,015,36485000
237,A005387,현대차2우B,20200907,85700,86100,84000,84600,102498,015,36485000
238,A005387,현대차2우B,20200904,83900,87200,83900,85700,134026,015,36485000
239,A005387,현대차2우B,20200903,89100,89300,88000,88300,81535,015,36485000
240,A005387,현대차2우B,20200902,89500,90500,87200,88400,103950,015,36485000
241,A005387,현대차2우B,20200901,90000,91400,87700,89400,173805,015,36485000
242,A005387,현대차2우B,20200831,90300,93000,88400,88400,286355,015,36485000
243,A005387,현대차2우B,20200828,86500,90000,86500,88600,121633,015,36485000
244,A005387,현대차2우B,20200827,86400,87600,85900,86400,153947,015,36485000
245,A005387,현대차2우B,20200826,86200,86700,84000,86200,106404,015,36485000
246,A005387,현대차2우B,20200825,83700,86800,83700,85600,108829,015,36485000
247,A005387,현대차2우B,20200824,80800,83200,79000,82000,205942,015,36485000
248,A005387,현대차2우B,20200821,80700,82300,79000,80800,133922,015,36485000
249,A005387,현대차2우B,20200820,84000,84000,79000,80000,163389,015,36485000
250,A005387,현대차2우B,20200819,81800,84300,81800,83600,198742,015,36485000
251,A005387,현대차2우B,20200818,86000,87300,80600,81800,225496,015,36485000
252,A005387,현대차2우B,20200814,88500,88900,84800,86100,209276,015,36485000
253,A005387,현대차2우B,20200813,90300,90500,88000,88300,271475,015,36485000
254,A005387,현대차2우B,20200812,90000,91600,88000,88900,273174,015,36485000
255,A005387,현대차2우B,20200811,91000,92500,83200,92000,407408,015,36485000
256,A005387,현대차2우B,20200810,81700,90900,81600,89000,650756,015,36485000
257,A005387,현대차2우B,20200807,79200,80800,78800,79900,182197,015,36485000
258,A005387,현대차2우B,20200806,75700,78700,75600,78300,176804,015,36485000
259,A005387,현대차2우B,20200805,71600,75000,71600,74000,280883,015,36485000
260,A005387,현대차2우B,20200804,70100,72000,69800,71300,292991,015,36485000
261,A005387,현대차2우B,20200803,69700,69700,68300,69000,128223,015,36485000
262,A005387,현대차2우B,20200731,70100,70400,68700,69200,137613,015,36485000
263,A005387,현대차2우B,20200730,68500,70400,68500,70000,314825,015,36485000
264,A005387,현대차2우B,20200729,67300,68400,67000,68100,143181,015,36485000
265,A005387,현대차2우B,20200728,68600,68600,66500,67300,139673,015,36485000
266,A005387,현대차2우B,20200727,67500,69000,67000,67800,178846,015,36485000
267,A005387,현대차2우B,20200724,67700,69400,66900,67500,231167,015,36485000
268,A005387,현대차2우B,20200723,65400,69100,64600,68400,188125,015,36485000
269,A005387,현대차2우B,20200722,68800,69400,65600,65800,261898,015,36485000
270,A005387,현대차2우B,20200721,69700,69700,67200,68800,223517,015,36485000
271,A005387,현대차2우B,20200720,68300,70400,68100,69400,251791,015,36485000
272,A005387,현대차2우B,20200717,61900,68500,61900,67100,230788,015,36485000
273,A005387,현대차2우B,20200716,61400,63000,61100,61900,150537,015,36485000
274,A005387,현대차2우B,20200715,58900,60900,58600,60200,277129,015,36485000
275,A005387,현대차2우B,20200714,57500,57600,56700,57600,81097,015,36485000
276,A005387,현대차2우B,20200713,57100,58200,57000,57400,134483,015,36485000
277,A005387,현대차2우B,20200710,57400,57600,56300,56700,130272,015,36485000
278,A005387,현대차2우B,20200709,57500,57900,57200,57500,105232,015,36485000
279,A005387,현대차2우B,20200708,57000,57700,57000,57200,73557,015,36485000
280,A005387,현대차2우B,20200707,58900,59300,57000,57000,160143,015,36485000
281,A005387,현대차2우B,20200706,58000,58700,57200,58300,86927,015,36485000
282,A005387,현대차2우B,20200703,57800,58100,57100,57700,53047,015,36485000
283,A005387,현대차2우B,20200702,57100,57900,56900,57400,62454,015,36485000
284,A005387,현대차2우B,20200701,57500,57900,56800,56900,61996,015,36485000
285,A005387,현대차2우B,20200630,57700,58000,56900,56900,110134,015,36485000
286,A005387,현대차2우B,20200629,57800,58200,56800,56900,75758,015,36485000
287,A005387,현대차2우B,20200626,59900,59900,58700,58700,119960,015,36485000
288,A005387,현대차2우B,20200625,59000,59800,58800,59000,112792,015,36485000
289,A005387,현대차2우B,20200624,59300,61700,59100,60600,159488,015,36485000
290,A005387,현대차2우B,20200623,58500,59400,58000,58800,122148,015,36485000
291,A005387,현대차2우B,20200622,59500,59800,58100,58100,115201,015,36485000
292,A005387,현대차2우B,20200619,60800,61300,59800,59800,220133,015,36485000
293,A005387,현대차2우B,20200618,59700,62000,59600,60300,184838,015,36485000
294,A005387,현대차2우B,20200617,61500,62600,59800,60000,203044,015,36485000
295,A005387,현대차2우B,20200616,62100,62500,60800,61600,128354,015,36485000
296,A005387,현대차2우B,20200615,65500,65500,60300,60300,179840,015,36485000
297,A005387,현대차2우B,20200612,64500,66300,63500,65500,151113,015,36485000
298,A005387,현대차2우B,20200611,69300,69500,66300,69000,147816,015,36485000
299,A005387,현대차2우B,20200610,68800,69900,68400,69600,125870,015,36485000
300,A005387,현대차2우B,20200609,71000,71200,68200,69600,188853,015,36485000
301,A005387,현대차2우B,20200608,69200,71000,68300,71000,202992,015,36485000
302,A005387,현대차2우B,20200605,65100,67900,64400,67900,157515,015,36485000
303,A005387,현대차2우B,20200604,66200,66700,64000,65000,185600,015,36485000
304,A005387,현대차2우B,20200603,63800,66500,63700,65000,325061,015,36485000
305,A005387,현대차2우B,20200602,60800,63100,60400,62800,111342,015,36485000
306,A005387,현대차2우B,20200601,60700,61500,60600,60600,137140,015,36485000
307,A005387,현대차2우B,20200529,59600,61000,59200,60200,216185,015,36485000
308,A005387,현대차2우B,20200528,62100,62200,59300,60100,135215,015,36485000
309,A005387,현대차2우B,20200527,61800,62200,61000,61500,51961,015,36485000
310,A005387,현대차2우B,20200526,60700,62000,60200,61500,66924,015,36485000
311,A005387,현대차2우B,20200525,59800,60900,59400,60600,59998,015,36485000
312,A005387,현대차2우B,20200522,60600,61000,59400,59700,104237,015,36485000
313,A005387,현대차2우B,20200521,60300,61100,59400,60600,100640,015,36485000
314,A005387,현대차2우B,20200520,60000,60600,59000,59400,142419,015,36485000
315,A005387,현대차2우B,20200519,57300,61900,57200,60800,262857,015,36485000
316,A005387,현대차2우B,20200518,56400,56600,55100,55400,189132,015,36485000
317,A005387,현대차2우B,20200515,56900,57100,55900,56400,235230,015,36485000
318,A005387,현대차2우B,20200514,58100,58500,56200,57000,206411,015,36485000
319,A005387,현대차2우B,20200513,57200,60200,56800,59200,70889,015,36485000
320,A005387,현대차2우B,20200512,58300,58800,57500,57900,86540,015,36485000
321,A005387,현대차2우B,20200511,59000,59900,58400,58900,84082,015,36485000
322,A005387,현대차2우B,20200508,58000,59300,57800,58200,224808,015,36485000
323,A005387,현대차2우B,20200507,57000,57900,56400,57400,146826,015,36485000
324,A005387,현대차2우B,20200506,57500,58600,56900,56900,226180,015,36485000
325,A005387,현대차2우B,20200504,58000,58000,56900,56900,110502,015,36485000
326,A005387,현대차2우B,20200429,59400,59400,58000,58600,116553,015,36485000
327,A005387,현대차2우B,20200428,59100,59700,58500,58900,47624,015,36485000
328,A005387,현대차2우B,20200427,58000,58800,57500,58200,91725,015,36485000
329,A005387,현대차2우B,20200424,58900,59700,57500,57500,71059,015,36485000
330,A005387,현대차2우B,20200423,59800,60700,58500,58900,63432,015,36485000
331,A005387,현대차2우B,20200422,59100,60400,56900,59200,88256,015,36485000
332,A005387,현대차2우B,20200421,61300,61300,59000,59700,86392,015,36485000
333,A005387,현대차2우B,20200420,63700,63700,62000,62000,57579,015,36485000
334,A005387,현대차2우B,20200417,63700,64900,63200,63300,85820,015,36485000
335,A005387,현대차2우B,20200416,64200,64200,62700,62700,76518,015,36485000
336,A005387,현대차2우B,20200414,63300,64600,62600,64300,74851,015,36485000
337,A005387,현대차2우B,20200413,64500,64500,62300,63000,55554,015,36485000
338,A005387,현대차2우B,20200410,63800,65900,63200,64700,79954,015,36485000
339,A005387,현대차2우B,20200409,61700,65300,61300,63800,74567,015,36485000
340,A005387,현대차2우B,20200408,60600,61700,59800,60900,52078,015,36485000
341,A005387,현대차2우B,20200407,62500,62500,59600,60800,55789,015,36485000
342,A005387,현대차2우B,20200406,56500,58700,56000,58600,32164,015,36485000
343,A005387,현대차2우B,20200403,57300,57300,56000,56600,23040,015,36485000
344,A005387,현대차2우B,20200402,55500,57700,54100,56300,47880,015,36485000
345,A005387,현대차2우B,20200401,56900,59500,55700,55700,142735,015,36485000
346,A005387,현대차2우B,20200331,55900,57600,55500,56900,142965,015,36485000
347,A005387,현대차2우B,20200330,53600,56400,52500,55200,92213,015,36485000
348,A005387,현대차2우B,20200327,57400,57800,54200,55800,47694,015,36485000
349,A005387,현대차2우B,20200326,53400,56500,52000,54900,118551,015,36485000
350,A005387,현대차2우B,20200325,52000,54800,51200,52300,434850,015,36485000
351,A005387,현대차2우B,20200324,48050,49850,47200,49150,107314,015,36485000
352,A005387,현대차2우B,20200323,44950,50000,44000,46900,129998,015,36485000
353,A005387,현대차2우B,20200320,46700,48900,45100,47500,142941,015,36485000
354,A005387,현대차2우B,20200319,51100,52400,45050,46350,136132,015,36485000
355,A005387,현대차2우B,20200318,55100,55200,50800,51100,185432,015,36485000
356,A005387,현대차2우B,20200317,56000,56500,54100,54500,120859,015,36485000
357,A005387,현대차2우B,20200316,61600,61700,56900,56900,122600,015,36485000
358,A005387,현대차2우B,20200313,58100,61300,55000,60000,262859,015,36485000
359,A005387,현대차2우B,20200312,66100,66200,62500,63700,113400,015,36485000
360,A005387,현대차2우B,20200311,68000,68900,65500,66300,120852,015,36485000
361,A005387,현대차2우B,20200310,67100,69700,65000,67500,127777,015,36485000
362,A005387,현대차2우B,20200309,72500,72500,68600,68600,179610,015,36485000
363,A005387,현대차2우B,20200306,74900,74900,72200,72200,72638,015,36485000
364,A005387,현대차2우B,20200305,74800,75600,74300,75000,146048,015,36485000
365,A005387,현대차2우B,20200304,72300,74100,72300,73400,47185,015,36485000
366,A005387,현대차2우B,20200303,75500,75500,72300,72300,45060,015,36485000
367,A005387,현대차2우B,20200302,74900,76000,73600,73900,82871,015,36485000
368,A005387,현대차2우B,20200228,77000,77000,73900,74900,114587,015,36485000
369,A005387,현대차2우B,20200227,78400,78800,77200,77200,57097,015,36485000
370,A005387,현대차2우B,20200226,77300,79100,77100,77900,60132,015,36485000
371,A005387,현대차2우B,20200225,77600,79200,77600,78900,56880,015,36485000
372,A005387,현대차2우B,20200224,80000,80800,77600,78100,55077,015,36485000
373,A005387,현대차2우B,20200221,81600,83100,80800,81000,37462,015,36485000
374,A005387,현대차2우B,20200220,83900,84400,82400,82400,60731,015,36485000
375,A005387,현대차2우B,20200219,84000,84900,83400,83800,68566,015,36485000
376,A005387,현대차2우B,20200218,86100,86400,83600,84000,64946,015,36485000
377,A005387,현대차2우B,20200217,85800,86900,85800,86100,41454,015,36485000
378,A005387,현대차2우B,20200214,86800,87600,86300,86500,1508923,015,36485000
379,A005387,현대차2우B,20200213,87900,87900,86300,86700,80109,015,36485000
380,A005387,현대차2우B,20200212,85100,87400,85100,87000,105556,015,36485000
381,A005387,현대차2우B,20200211,85000,86300,84200,85100,115243,015,36485000
382,A005387,현대차2우B,20200210,83200,85100,82600,85000,44835,015,36485000
383,A005387,현대차2우B,20200207,84500,85000,82600,84000,40111,015,36485000
384,A005387,현대차2우B,20200206,81000,85100,80800,85100,103138,015,36485000
385,A005387,현대차2우B,20200205,80400,81300,79800,80500,91560,015,36485000
386,A005387,현대차2우B,20200204,79900,80800,78600,80000,77776,015,36485000
387,A005387,현대차2우B,20200203,79100,80800,78200,79500,55209,015,36485000
388,A005387,현대차2우B,20200131,82800,83000,80300,80300,42217,015,36485000
389,A005387,현대차2우B,20200130,83100,84000,81600,82300,64016,015,36485000
390,A005387,현대차2우B,20200129,83700,85000,83000,83900,97320,015,36485000
391,A005387,현대차2우B,20200128,83800,85500,82600,83900,381673,015,36485000
392,A005387,현대차2우B,20200123,83800,85200,83800,84500,110405,015,36485000
393,A005387,현대차2우B,20200122,79700,84300,79500,83400,118558,015,36485000
394,A005387,현대차2우B,20200121,80800,80800,79200,79500,49562,015,36485000
395,A005387,현대차2우B,20200120,81300,81700,80700,81500,37589,015,36485000
396,A005387,현대차2우B,20200117,80600,81700,80200,81400,64965,015,36485000
397,A005387,현대차2우B,20200116,79000,80800,79000,80600,55405,015,36485000
398,A005387,현대차2우B,20200115,79000,79400,78300,78600,49718,015,36485000
399,A005387,현대차2우B,20200114,78800,79600,77400,79600,92489,015,36485000
400,A005387,현대차2우B,20200113,77200,78700,77100,78700,71080,015,36485000
401,A005387,현대차2우B,20200110,76400,77200,75700,76900,76582,015,36485000
402,A005387,현대차2우B,20200109,77600,77900,75200,76100,92634,015,36485000
403,A005387,현대차2우B,20200108,78300,78300,76700,77200,63871,015,36485000
404,A005387,현대차2우B,20200107,78900,79600,77500,78800,54113,015,36485000
405,A005387,현대차2우B,20200106,78600,78900,77500,78500,42181,015,36485000
406,A005387,현대차2우B,20200103,79700,80300,77600,78600,59290,015,36485000
407,A005387,현대차2우B,20200102,80000,81000,78800,78800,40450,015,36485000
408,A005387,현대차2우B,20191230,80800,80800,79100,79400,73739,015,36485000
409,A005387,현대차2우B,20191227,81600,81900,80000,80900,99595,015,36485000
410,A005387,현대차2우B,20191226,83800,84000,83100,84000,31322,015,36485000
411,A005387,현대차2우B,20191224,83000,83800,82800,83500,33553,015,36485000
412,A005387,현대차2우B,20191223,82800,84100,82600,83400,34461,015,36485000
413,A005387,현대차2우B,20191220,83900,83900,82700,82700,108777,015,36485000
414,A005387,현대차2우B,20191219,83200,83900,82600,83200,63373,015,36485000
415,A005387,현대차2우B,20191218,82000,83500,81700,83200,75802,015,36485000
416,A005387,현대차2우B,20191217,81500,82300,81100,82100,78032,015,36485000
417,A005387,현대차2우B,20191216,81800,82200,81100,81100,51502,015,36485000
418,A005387,현대차2우B,20191213,82300,82800,81100,81800,82049,015,36485000
419,A005387,현대차2우B,20191212,81200,82600,81200,81700,72126,015,36485000
420,A005387,현대차2우B,20191211,80300,81000,80300,80900,57566,015,36485000
421,A005387,현대차2우B,20191210,81800,81800,80300,80400,61323,015,36485000
422,A005387,현대차2우B,20191209,81700,82100,81400,81400,67202,015,36485000
423,A005387,현대차2우B,20191206,82500,82600,81600,82400,49096,015,36485000
424,A005387,현대차2우B,20191205,83000,83400,81800,82400,78558,015,36485000
425,A005387,현대차2우B,20191204,80500,83000,80100,83000,100940,015,36485000
426,A005387,현대차2우B,20191203,81100,81400,79800,81000,45425,015,36485000
427,A005387,현대차2우B,20191202,80600,81400,79700,81400,43637,015,36485000
428,A005387,현대차2우B,20191129,81600,81600,80300,81300,61682,015,36485000
429,A005387,현대차2우B,20191128,82000,82000,81100,81600,31584,015,36485000
430,A005387,현대차2우B,20191127,83000,83400,81700,82000,65371,015,36485000
431,A005387,현대차2우B,20191126,80900,84100,80200,84100,153418,015,36485000
432,A005387,현대차2우B,20191125,80700,81600,80200,81300,59407,015,36485000
433,A005387,현대차2우B,20191122,80100,81300,79900,80000,40472,015,36485000
434,A005387,현대차2우B,20191121,81300,81800,80100,80400,33173,015,36485000
435,A005387,현대차2우B,20191120,82200,82200,81200,81600,29810,015,36485000
436,A005387,현대차2우B,20191119,82000,82500,81200,82000,41843,015,36485000
437,A005387,현대차2우B,20191118,82100,82900,81200,82300,38403,015,36485000
438,A005387,현대차2우B,20191115,82800,82800,81600,82100,27354,015,36485000
439,A005387,현대차2우B,20191114,83000,83600,81600,82700,53335,015,36485000
440,A005387,현대차2우B,20191113,82800,84200,82800,83200,27853,015,36485000
441,A005387,현대차2우B,20191112,82500,83700,82500,83700,31444,015,36485000
442,A005387,현대차2우B,20191111,83000,83400,82100,82900,29819,015,36485000
443,A005387,현대차2우B,20191108,82100,82800,81700,82800,30447,015,36485000
444,A005387,현대차2우B,20191107,82200,83100,81000,82800,90117,015,36485000
445,A005387,현대차2우B,20191106,82800,83300,81700,82200,43131,015,36485000
446,A005387,현대차2우B,20191105,81500,82800,81200,82800,58704,015,36485000
447,A005387,현대차2우B,20191104,81400,81400,80600,81000,32571,015,36485000
448,A005387,현대차2우B,20191101,79900,81100,79300,80900,62318,015,36485000
449,A005387,현대차2우B,20191031,80700,80700,79300,79300,34886,015,36485000
450,A005387,현대차2우B,20191030,81800,81800,79700,80300,63406,015,36485000
451,A005387,현대차2우B,20191029,81100,81800,79700,81800,50546,015,36485000
452,A005387,현대차2우B,20191028,81500,82000,81000,81200,23817,015,36485000
453,A005387,현대차2우B,20191025,80100,81500,80000,81500,23244,015,36485000
454,A005387,현대차2우B,20191024,79300,80800,79300,79900,22608,015,36485000
455,A005387,현대차2우B,20191023,80000,80400,79000,79000,27988,015,36485000
456,A005387,현대차2우B,20191022,79900,80300,79100,80300,63321,015,36485000
457,A005387,현대차2우B,20191021,80000,80800,79800,79900,24648,015,36485000
458,A005387,현대차2우B,20191018,80400,81100,79900,80000,52324,015,36485000
459,A005387,현대차2우B,20191017,80600,81200,80000,80700,73826,015,36485000
460,A005387,현대차2우B,20191016,80300,81200,80300,81200,32625,015,36485000
461,A005387,현대차2우B,20191015,81400,81500,79100,80200,17306,015,36485000
462,A005387,현대차2우B,20191014,81800,82200,80200,81100,47062,015,36485000
463,A005387,현대차2우B,20191011,81100,81900,80600,81200,49170,015,36485000
464,A005387,현대차2우B,20191010,81600,82500,80500,81000,21704,015,36485000
465,A005387,현대차2우B,20191008,82800,83000,81600,81600,34371,015,36485000
466,A005387,현대차2우B,20191007,81600,82500,80800,81900,22497,015,36485000
467,A005387,현대차2우B,20191004,83600,83600,80600,81400,48907,015,36485000
468,A005387,현대차2우B,20191002,84600,84600,82100,82200,35623,015,36485000
469,A005387,현대차2우B,20191001,85700,85700,83000,84800,65916,015,36485000
470,A005387,현대차2우B,20190930,86500,87500,84400,84900,93049,015,36485000
471,A005387,현대차2우B,20190927,85500,85900,84300,85000,71646,015,36485000
472,A005387,현대차2우B,20190926,86200,86800,85500,85800,61166,015,36485000
473,A005387,현대차2우B,20190925,86600,86600,85200,86000,31553,015,36485000
474,A005387,현대차2우B,20190924,86600,86800,86000,86500,44715,015,36485000
475,A005387,현대차2우B,20190923,84400,87400,84400,86100,65577,015,36485000
476,A005387,현대차2우B,20190920,84900,85800,84600,85800,74680,015,36485000
477,A005387,현대차2우B,20190919,86200,86200,84700,85200,21243,015,36485000
478,A005387,현대차2우B,20190918,83700,86000,83700,86000,80076,015,36485000
479,A005387,현대차2우B,20190917,84000,84400,82600,84300,57860,015,36485000
480,A005387,현대차2우B,20190916,84100,85000,82800,84300,51872,015,36485000
481,A005387,현대차2우B,20190911,84400,84600,83200,84300,41552,015,36485000
482,A005387,현대차2우B,20190910,83100,84900,83100,83200,42537,015,36485000
483,A005387,현대차2우B,20190909,83500,84900,82800,83700,45072,015,36485000
484,A005387,현대차2우B,20190906,84400,84900,83500,83500,18871,015,36485000
485,A005387,현대차2우B,20190905,85000,85900,84400,84400,39835,015,36485000
486,A005387,현대차2우B,20190904,84500,85500,83700,84900,27637,015,36485000
487,A005387,현대차2우B,20190903,87000,87400,84600,84600,109634,015,36485000
488,A005387,현대차2우B,20190902,85500,87100,85500,86400,18239,015,36485000
489,A005387,현대차2우B,20190830,85300,86900,84200,86400,96523,015,36485000
490,A005387,현대차2우B,20190829,83900,84700,82600,83600,56025,015,36485000
491,A005387,현대차2우B,20190828,82300,85000,81800,82600,63081,015,36485000
492,A005387,현대차2우B,20190827,81200,82900,80600,81200,123498,015,36485000
493,A005387,현대차2우B,20190826,81500,82000,80500,81300,77367,015,36485000
494,A005387,현대차2우B,20190823,80400,82200,80400,81300,38509,015,36485000
495,A005387,현대차2우B,20190822,80600,83000,80300,81400,114456,015,36485000
496,A005387,현대차2우B,20190821,80500,81300,80000,80500,73846,015,36485000
497,A005387,현대차2우B,20190820,83000,83000,80500,80500,201408,015,36485000
498,A005387,현대차2우B,20190819,80200,82400,80200,81600,64079,015,36485000
499,A005387,현대차2우B,20190816,83200,83300,80200,80800,60670,015,36485000
500,A005387,현대차2우B,20190814,81500,83400,81500,82000,113248,015,36485000
501,A005387,현대차2우B,20190813,82500,83100,81500,81800,46483,015,36485000
502,A005387,현대차2우B,20190812,83200,83500,82000,83100,59432,015,36485000
503,A005387,현대차2우B,20190809,82300,83700,81500,82900,53709,015,36485000
504,A005387,현대차2우B,20190808,80100,82700,80100,82300,58249,015,36485000
505,A005387,현대차2우B,20190807,80300,83800,79900,79900,100045,015,36485000
506,A005387,현대차2우B,20190806,80000,81900,79900,80300,195580,015,36485000
507,A005387,현대차2우B,20190805,82200,82600,80900,81200,132403,015,36485000
508,A005387,현대차2우B,20190802,81000,83000,80700,83000,95871,015,36485000
509,A005387,현대차2우B,20190801,82900,83500,80800,81700,97012,015,36485000
510,A005387,현대차2우B,20190731,82000,82700,79900,82400,134611,015,36485000
511,A005387,현대차2우B,20190730,81000,82100,80500,82000,88714,015,36485000
512,A005387,현대차2우B,20190729,83200,83600,81100,81400,84647,015,36485000
513,A005387,현대차2우B,20190726,82500,84000,82500,83200,72576,015,36485000
514,A005387,현대차2우B,20190725,83600,84500,82300,83200,82166,015,36485000
515,A005387,현대차2우B,20190724,82600,84600,82000,83700,58167,015,36485000
516,A005387,현대차2우B,20190723,84500,84500,81400,82400,118481,015,36485000
517,A005387,현대차2우B,20190722,83800,84400,82800,83400,23207,015,36485000
518,A005387,현대차2우B,20190719,82600,84400,81900,83900,53445,015,36485000
519,A005387,현대차2우B,20190718,82900,83000,82100,82400,33865,015,36485000
520,A005387,현대차2우B,20190717,84200,84400,82500,82600,92002,015,36485000
521,A005387,현대차2우B,20190716,87200,87200,83000,83800,70117,015,36485000
522,A005387,현대차2우B,20190715,88600,88600,86100,86300,40047,015,36485000
523,A005387,현대차2우B,20190712,88800,89500,87300,87800,52715,015,36485000
524,A005387,현대차2우B,20190711,88200,88500,85800,88500,122960,015,36485000
525,A005387,현대차2우B,20190710,86400,88400,86100,87400,133006,015,36485000
526,A005387,현대차2우B,20190709,87800,88000,85300,85600,45995,015,36485000
527,A005387,현대차2우B,20190708,88200,88200,86600,87200,25622,015,36485000
528,A005387,현대차2우B,20190705,86500,88400,86000,88200,14502,015,36485000
529,A005387,현대차2우B,20190704,85300,86800,84200,86100,94327,015,36485000
530,A005387,현대차2우B,20190703,86400,87000,84600,84700,73341,015,36485000
531,A005387,현대차2우B,20190702,87000,88400,85100,86100,91966,015,36485000
532,A005387,현대차2우B,20190701,86500,88700,86500,88000,50470,015,36485000
533,A005387,현대차2우B,20190628,85700,86800,85700,86300,114159,015,36485000
534,A005387,현대차2우B,20190627,86700,87700,85600,85700,82528,015,36485000
535,A005387,현대차2우B,20190626,87400,87600,86400,87200,16358,015,36485000
536,A005387,현대차2우B,20190625,88500,88500,86500,87300,17047,015,36485000
537,A005387,현대차2우B,20190624,86900,88200,86900,87800,34620,015,36485000
538,A005387,현대차2우B,20190621,87500,87500,86600,86800,79135,015,36485000
539,A005387,현대차2우B,20190620,86800,87300,86000,87100,42534,015,36485000
540,A005387,현대차2우B,20190619,86700,87200,85800,86800,22847,015,36485000
541,A005387,현대차2우B,20190618,86500,87400,85900,86500,25565,015,36485000
542,A005387,현대차2우B,20190617,86500,87500,86500,86500,17357,015,36485000
543,A005387,현대차2우B,20190614,86600,87400,86600,87000,44375,015,36485000
544,A005387,현대차2우B,20190613,87400,87500,85800,87400,77835,015,36485000
545,A005387,현대차2우B,20190612,87500,88000,86300,87100,43232,015,36485000
546,A005387,현대차2우B,20190611,87700,88300,87200,87600,36824,015,36485000
547,A005387,현대차2우B,20190610,87500,88300,87200,87700,51502,015,36485000
548,A005387,현대차2우B,20190607,87200,87700,86500,87200,86357,015,36485000
549,A005387,현대차2우B,20190605,87000,87800,86300,87200,58418,015,36485000
550,A005387,현대차2우B,20190604,86900,87100,85700,86200,77616,015,36485000
551,A005387,현대차2우B,20190603,84600,87500,84300,87000,49696,015,36485000
552,A005387,현대차2우B,20190531,83600,85700,82200,85700,124589,015,36485000
553,A005387,현대차2우B,20190530,82000,85000,81300,84800,100002,015,36485000
554,A005387,현대차2우B,20190529,80300,82700,79700,82000,154197,015,36485000
555,A005387,현대차2우B,20190528,81300,81900,80400,81500,244857,015,36485000
556,A005387,현대차2우B,20190527,79700,81700,78900,81300,100152,015,36485000
557,A005387,현대차2우B,20190524,77700,79500,77500,79200,105207,015,36485000
558,A005387,현대차2우B,20190523,78500,79300,77700,78300,90765,015,36485000
559,A005387,현대차2우B,20190522,79000,79700,78300,78500,104830,015,36485000
560,A005387,현대차2우B,20190521,79700,80200,77700,79000,160297,015,36485000
561,A005387,현대차2우B,20190520,78700,80500,78700,79700,74364,015,36485000
562,A005387,현대차2우B,20190517,80900,80900,78300,78400,51815,015,36485000
563,A005387,현대차2우B,20190516,81900,85800,79400,79400,81877,015,36485000
564,A005387,현대차2우B,20190515,79900,81200,79400,79500,44475,015,36485000
565,A005387,현대차2우B,20190514,80100,81100,79900,80000,46314,015,36485000
566,A005387,현대차2우B,20190513,81800,83000,80900,81000,24553,015,36485000
567,A005387,현대차2우B,20190510,82500,85000,81500,81800,52722,015,36485000
568,A005387,현대차2우B,20190509,84400,85000,81900,81900,84804,015,36485000
569,A005387,현대차2우B,20190508,85800,86200,85100,85300,44037,015,36485000
570,A005387,현대차2우B,20190507,85100,87200,84900,86000,49504,015,36485000
571,A005387,현대차2우B,20190503,88100,88800,86400,86900,37688,015,36485000
572,A005387,현대차2우B,20190502,88300,89500,87100,89000,67138,015,36485000
573,A005387,현대차2우B,20190430,88600,88900,86700,87500,154692,015,36485000
574,A005387,현대차2우B,20190429,86700,88700,85000,87900,75097,015,36485000
575,A005387,현대차2우B,20190426,88500,88500,85800,86000,62385,015,36485000
576,A005387,현대차2우B,20190425,87200,89500,87200,88700,84171,015,36485000
577,A005387,현대차2우B,20190424,87600,89400,86300,88000,175637,015,36485000
578,A005387,현대차2우B,20190423,85500,87300,85500,87300,31489,015,36485000
579,A005387,현대차2우B,20190422,84500,86000,83700,85000,31607,015,36485000
580,A005387,현대차2우B,20190419,86500,86700,84500,84500,22674,015,36485000
581,A005387,현대차2우B,20190418,83700,86700,83200,85900,116596,015,36485000
582,A005387,현대차2우B,20190417,81900,84000,81700,83700,25368,015,36485000
583,A005387,현대차2우B,20190416,80400,82800,80400,82000,39424,015,36485000
584,A005387,현대차2우B,20190415,81300,81300,79900,80300,51491,015,36485000
585,A005387,현대차2우B,20190412,80900,81300,79900,81300,94234,015,36485000
586,A005387,현대차2우B,20190411,81100,81500,79800,81000,39486,015,36485000
587,A005387,현대차2우B,20190410,81000,82000,80400,82000,32516,015,36485000
588,A005387,현대차2우B,20190409,80000,81700,80000,81400,50558,015,36485000
589,A005387,현대차2우B,20190408,78500,81300,78500,81300,34000,015,36485000
590,A005387,현대차2우B,20190405,78600,79600,78600,79100,78634,015,36485000
591,A005387,현대차2우B,20190404,78000,78600,77600,78600,32040,015,36485000
592,A005387,현대차2우B,20190403,75800,78500,75700,78300,86164,015,36485000
593,A005387,현대차2우B,20190402,76600,77400,75400,76000,38808,015,36485000
594,A005387,현대차2우B,20190401,76500,77900,76000,76900,25420,015,36485000
595,A005387,현대차2우B,20190329,76400,77200,75800,76300,50923,015,36485000
596,A005387,현대차2우B,20190328,77000,77000,75100,75900,23608,015,36485000
597,A005387,현대차2우B,20190327,78700,78700,76400,76400,24366,015,36485000
598,A005387,현대차2우B,20190326,76900,78200,76500,77500,41601,015,36485000
599,A005387,현대차2우B,20190325,77700,78700,76700,77000,38214,015,36485000
600,A005387,현대차2우B,20190322,79100,79500,77400,79500,62717,015,36485000
601,A005387,현대차2우B,20190321,78000,79200,78000,79200,77136,015,36485000
602,A005387,현대차2우B,20190320,78000,78400,77400,78000,43127,015,36485000
603,A005387,현대차2우B,20190319,78500,79300,77700,78400,66541,015,36485000
604,A005387,현대차2우B,20190318,76300,78400,76300,78200,14104,015,36485000
605,A005387,현대차2우B,20190315,75600,77800,75000,76000,144493,015,36485000
606,A005387,현대차2우B,20190314,78400,78600,75300,75300,68813,015,36485000
607,A005387,현대차2우B,20190313,80000,80000,77200,78600,68289,015,36485000
608,A005387,현대차2우B,20190312,77800,80300,77800,80200,56126,015,36485000
609,A005387,현대차2우B,20190311,77800,79000,76500,77600,85461,015,36485000
610,A005387,현대차2우B,20190308,80000,80000,77500,77800,69463,015,36485000
611,A005387,현대차2우B,20190307,79400,80300,78200,80000,86724,015,36485000
612,A005387,현대차2우B,20190306,78600,79900,78300,78900,82536,015,36485000
613,A005387,현대차2우B,20190305,79500,79900,78100,79000,76851,015,36485000
614,A005387,현대차2우B,20190304,80400,80400,77300,79400,107547,015,36485000
615,A005387,현대차2우B,20190228,81200,81200,79800,80400,268352,015,36485000
616,A005387,현대차2우B,20190227,79900,82200,79700,81700,299052,015,36485000
617,A005387,현대차2우B,20190226,77400,79300,77400,78100,67805,015,36485000
618,A005387,현대차2우B,20190225,79000,79000,77000,77000,29020,015,36485000
619,A005387,현대차2우B,20190222,79000,79000,77300,77800,24677,015,36485000
620,A005387,현대차2우B,20190221,76900,79000,76900,78500,75896,015,36485000
621,A005387,현대차2우B,20190220,77900,79500,76300,77400,95334,015,36485000
622,A005387,현대차2우B,20190219,80200,80200,77400,77400,55113,015,36485000
623,A005387,현대차2우B,20190218,80500,81100,79700,79800,44079,015,36485000
624,A005387,현대차2우B,20190215,81900,82500,79400,80000,73668,015,36485000
625,A005387,현대차2우B,20190214,83400,83800,80100,82200,96441,015,36485000
626,A005387,현대차2우B,20190213,86200,87500,83400,83400,78585,015,36485000
627,A005387,현대차2우B,20190212,84700,88000,84500,87600,70605,015,36485000
628,A005387,현대차2우B,20190211,83000,85600,82500,85500,49819,015,36485000
629,A005387,현대차2우B,20190208,83000,83800,82100,83100,40434,015,36485000
630,A005387,현대차2우B,20190207,84900,86600,82300,82900,78100,015,36485000
631,A005387,현대차2우B,20190201,84400,86700,84100,84600,88707,015,36485000
632,A005387,현대차2우B,20190131,83200,84600,83200,84100,55863,015,36485000
633,A005387,현대차2우B,20190130,82900,84400,82800,83900,125736,015,36485000
634,A005387,현대차2우B,20190129,82300,84000,81300,84000,76341,015,36485000
635,A005387,현대차2우B,20190128,83300,84000,81500,83000,82872,015,36485000
636,A005387,현대차2우B,20190125,83500,85500,83000,84200,86139,015,36485000
637,A005387,현대차2우B,20190124,83500,85000,81300,85000,69652,015,36485000
638,A005387,현대차2우B,20190123,81500,83500,81500,83500,42862,015,36485000
639,A005387,현대차2우B,20190122,81700,83000,81200,82600,44928,015,36485000
640,A005387,현대차2우B,20190121,84400,84400,80800,81300,53955,015,36485000
641,A005387,현대차2우B,20190118,83500,83900,82300,83600,49132,015,36485000
642,A005387,현대차2우B,20190117,82000,83200,81000,83200,63484,015,36485000
643,A005387,현대차2우B,20190116,80900,81000,79700,80900,57956,015,36485000
644,A005387,현대차2우B,20190115,78900,80900,77200,80900,76809,015,36485000
645,A005387,현대차2우B,20190114,78400,79400,76500,77800,56475,015,36485000
646,A005387,현대차2우B,20190111,79000,80000,78000,78800,29631,015,36485000
647,A005387,현대차2우B,20190110,79700,79700,77200,79000,61177,015,36485000
648,A005387,현대차2우B,20190109,77800,79700,77500,79700,62867,015,36485000
649,A005387,현대차2우B,20190108,78900,78900,76500,77500,39887,015,36485000
650,A005387,현대차2우B,20190107,78400,79100,76500,78000,48956,015,36485000
651,A005387,현대차2우B,20190104,75900,78400,75500,78400,90094,015,36485000
652,A005387,현대차2우B,20190103,73600,76700,73600,76200,34315,015,36485000
653,A005387,현대차2우B,20190102,77000,77700,73500,73600,71224,015,36485000
654,A005387,현대차2우B,20181228,73200,77900,73200,77000,65025,015,36485000
655,A005387,현대차2우B,20181227,73700,75300,73000,74500,54966,015,36485000
656,A005387,현대차2우B,20181226,75500,76300,74000,75300,49073,015,36485000
657,A005387,현대차2우B,20181224,76600,77000,74700,76500,62619,015,36485000
658,A005387,현대차2우B,20181221,76600,77500,76000,76500,100429,015,36485000
659,A005387,현대차2우B,20181220,76000,78600,75300,77800,115313,015,36485000
660,A005387,현대차2우B,20181219,76300,77700,74300,77100,117109,015,36485000
661,A005387,현대차2우B,20181218,75300,76400,73800,75500,60429,015,36485000
662,A005387,현대차2우B,20181217,74500,76300,73600,75300,48065,015,36485000
663,A005387,현대차2우B,20181214,76600,77100,73900,75900,66234,015,36485000
664,A005387,현대차2우B,20181213,74400,77900,73100,77900,68503,015,36485000
665,A005387,현대차2우B,20181212,71400,75700,70100,74100,170048,015,36485000
666,A005387,현대차2우B,20181211,70800,71300,69500,70500,60023,015,36485000
667,A005387,현대차2우B,20181210,72500,72500,70300,71600,40032,015,36485000
668,A005387,현대차2우B,20181207,70600,72500,70600,72500,66441,015,36485000
669,A005387,현대차2우B,20181206,70100,72900,69500,72100,80957,015,36485000
670,A005387,현대차2우B,20181205,69600,71100,69000,70200,162223,015,36485000
671,A005387,현대차2우B,20181204,70300,70700,69300,70700,80349,015,36485000
672,A005387,현대차2우B,20181203,70800,71300,69700,70900,130308,015,36485000
673,A005387,현대차2우B,20181130,67300,71400,67000,69800,232797,015,36485000
674,A005387,현대차2우B,20181129,68100,68100,65500,66800,83227,015,36485000
675,A005387,현대차2우B,20181128,65300,66900,64700,66900,57814,015,36485000
676,A005387,현대차2우B,20181127,63100,66000,63100,65700,71223,015,36485000
677,A005387,현대차2우B,20181126,61500,63800,61300,63100,41568,015,36485000
678,A005387,현대차2우B,20181123,61700,63000,61500,61600,76699,015,36485000
679,A005387,현대차2우B,20181122,66700,66700,61100,62700,127186,015,36485000
680,A005387,현대차2우B,20181121,65000,66700,63200,66700,106638,015,36485000
681,A005387,현대차2우B,20181120,68100,68300,65300,65300,68372,015,36485000
682,A005387,현대차2우B,20181119,70000,70300,68400,68600,41226,015,36485000
683,A005387,현대차2우B,20181116,70500,71100,69000,69900,45212,015,36485000
684,A005387,현대차2우B,20181115,68800,70500,68200,70500,93762,015,36485000
685,A005387,현대차2우B,20181114,68500,69200,67300,68700,42090,015,36485000
686,A005387,현대차2우B,20181113,67500,68800,65000,68200,84118,015,36485000
687,A005387,현대차2우B,20181112,70700,70700,67600,68300,85636,015,36485000
688,A005387,현대차2우B,20181109,69800,72500,69200,70800,77215,015,36485000
689,A005387,현대차2우B,20181108,70700,71500,68900,69800,97304,015,36485000
690,A005387,현대차2우B,20181107,69200,70400,68700,69900,116882,015,36485000
691,A005387,현대차2우B,20181106,68100,70100,67400,69700,78334,015,36485000
692,A005387,현대차2우B,20181105,70500,70500,67100,68300,41456,015,36485000
693,A005387,현대차2우B,20181102,71400,71500,70000,70600,90069,015,36485000
694,A005387,현대차2우B,20181101,70800,71900,69000,70700,120676,015,36485000
695,A005387,현대차2우B,20181031,69000,70800,68100,70800,104858,015,36485000
696,A005387,현대차2우B,20181030,67700,70900,67100,69400,58733,015,36485000
697,A005387,현대차2우B,20181029,65500,68300,65500,67800,129291,015,36485000
698,A005387,현대차2우B,20181026,65700,69900,64500,67900,314145,015,36485000
699,A005387,현대차2우B,20181025,69800,69800,62400,65400,225072,015,36485000
700,A005387,현대차2우B,20181024,70400,71200,70200,70200,164799,015,36485000
701,A005387,현대차2우B,20181023,71900,72300,70200,70700,205146,015,36485000
702,A005387,현대차2우B,20181022,71300,72200,70700,72000,119802,015,36485000
703,A005387,현대차2우B,20181019,71400,72500,70900,71300,147879,015,36485000
704,A005387,현대차2우B,20181018,74600,75000,72600,72800,72417,015,36485000
705,A005387,현대차2우B,20181017,74500,76000,74000,75000,110416,015,36485000
706,A005387,현대차2우B,20181016,74100,75300,73100,74500,89624,015,36485000
707,A005387,현대차2우B,20181015,75300,75400,72500,73600,127930,015,36485000
708,A005387,현대차2우B,20181012,75000,76500,74800,75300,72824,015,36485000
709,A005387,현대차2우B,20181011,77000,77300,75000,75800,88931,015,36485000
710,A005387,현대차2우B,20181010,79600,79700,77400,78600,115276,015,36485000
711,A005387,현대차2우B,20181008,82500,82500,79900,80200,37222,015,36485000
712,A005387,현대차2우B,20181005,82700,83600,82100,82300,17210,015,36485000
713,A005387,현대차2우B,20181004,84300,84400,81300,83000,89699,015,36485000
714,A005387,현대차2우B,20181002,84200,84600,83200,83600,62120,015,36485000
715,A005387,현대차2우B,20181001,85400,85500,83200,84300,44700,015,36485000
716,A005387,현대차2우B,20180928,85000,85000,84100,84700,30274,015,36485000
717,A005387,현대차2우B,20180927,84600,85400,84500,85000,119608,015,36485000
718,A005387,현대차2우B,20180921,85900,86600,85000,85500,106049,015,36485000
719,A005387,현대차2우B,20180920,85000,86700,84700,85700,63193,015,36485000
720,A005387,현대차2우B,20180919,86500,86800,84200,84900,74130,015,36485000
721,A005387,현대차2우B,20180918,87100,87900,86000,86000,60785,015,36485000
722,A005387,현대차2우B,20180917,87500,88500,85800,87400,50253,015,36485000
723,A005387,현대차2우B,20180914,85600,87500,85600,87500,27067,015,36485000
724,A005387,현대차2우B,20180913,86800,87000,85100,85300,45785,015,36485000
725,A005387,현대차2우B,20180912,86700,87800,86300,86500,55205,015,36485000
726,A005387,현대차2우B,20180911,87900,88700,83600,87200,31928,015,36485000
727,A005387,현대차2우B,20180910,88900,89200,87400,88800,37951,015,36485000
728,A005387,현대차2우B,20180907,88800,90400,87400,88700,51167,015,36485000
729,A005387,현대차2우B,20180906,86900,89300,86900,88500,140462,015,36485000
730,A005387,현대차2우B,20180905,86200,88500,85700,86500,155260,015,36485000
731,A005387,현대차2우B,20180904,85600,86500,85000,86200,26098,015,36485000
732,A005387,현대차2우B,20180903,85300,86200,85100,85600,9495,015,36485000
733,A005387,현대차2우B,20180831,85600,85800,84800,85600,50532,015,36485000
734,A005387,현대차2우B,20180830,86100,86200,84300,85600,29897,015,36485000
735,A005387,현대차2우B,20180829,85100,85900,84600,85600,62195,015,36485000
736,A005387,현대차2우B,20180828,85400,85800,84500,84800,31102,015,36485000
737,A005387,현대차2우B,20180827,86700,86800,84500,84800,42349,015,36485000
738,A005387,현대차2우B,20180824,87400,87400,86300,86700,24877,015,36485000
739,A005387,현대차2우B,20180823,88400,88500,86500,87500,31585,015,36485000
740,A005387,현대차2우B,20180822,88100,88800,87700,88400,59514,015,36485000
741,A005387,현대차2우B,20180821,87000,88000,86500,87200,25352,015,36485000
742,A005387,현대차2우B,20180820,87800,88400,86800,86900,65965,015,36485000
743,A005387,현대차2우B,20180817,87700,88200,86700,87200,26865,015,36485000
744,A005387,현대차2우B,20180816,86500,87800,85400,87700,27458,015,36485000
745,A005387,현대차2우B,20180814,89100,89100,87300,87500,25895,015,36485000
746,A005387,현대차2우B,20180813,88500,89600,88000,88600,21534,015,36485000
747,A005387,현대차2우B,20180810,89500,90100,88000,89600,18035,015,36485000
748,A005387,현대차2우B,20180809,90800,91200,89600,89600,23047,015,36485000
749,A005387,현대차2우B,20180808,90300,92400,89100,91300,86515,015,36485000
750,A005387,현대차2우B,20180807,86400,89300,86400,88900,74100,015,36485000
751,A005387,현대차2우B,20180806,87000,87500,85900,86500,20231,015,36485000
752,A005387,현대차2우B,20180803,87300,87300,85100,86400,50316,015,37613000
753,A005387,현대차2우B,20180802,87700,87900,85200,86000,33705,015,37613000
754,A005387,현대차2우B,20180801,88200,88300,87000,87600,23965,015,37613000
755,A005387,현대차2우B,20180731,88700,88700,87500,87700,49743,015,37613000
756,A005387,현대차2우B,20180730,89400,89400,87100,88400,23818,015,37613000
757,A005387,현대차2우B,20180727,87900,88200,86200,88000,33234,015,37613000
758,A005387,현대차2우B,20180726,88000,88000,85900,87900,27896,015,37613000
759,A005387,현대차2우B,20180725,88200,88200,86600,87100,38165,015,37613000
760,A005387,현대차2우B,20180724,87200,87800,85000,87400,50309,015,37613000
761,A005387,현대차2우B,20180723,86400,88300,86200,86900,36753,015,37613000
762,A005387,현대차2우B,20180720,85800,87000,84700,86200,47213,015,37613000
763,A005387,현대차2우B,20180719,86400,87200,85100,85700,25694,015,37613000
764,A005387,현대차2우B,20180718,89700,89700,85100,86400,50393,015,37613000
765,A005387,현대차2우B,20180717,88400,89900,87500,88900,42285,015,37613000
766,A005387,현대차2우B,20180716,86800,89100,86100,88500,38355,015,37613000
767,A005387,현대차2우B,20180713,86100,86200,85200,86100,27851,015,37613000
768,A005387,현대차2우B,20180712,85500,86000,85400,85500,62270,015,37613000
769,A005387,현대차2우B,20180711,85600,86200,85300,85500,45105,015,37613000
770,A005387,현대차2우B,20180710,85500,86200,85300,86000,87595,015,37613000
771,A005387,현대차2우B,20180709,85500,86400,83800,85000,21509,015,37613000
772,A005387,현대차2우B,20180706,84500,87000,84300,85300,73269,015,37613000
773,A005387,현대차2우B,20180705,83500,84500,82500,83700,53838,015,37613000
774,A005387,현대차2우B,20180704,86900,86900,81300,83100,145194,015,37613000
775,A005387,현대차2우B,20180703,87800,88600,86200,86200,63291,015,37613000
776,A005387,현대차2우B,20180702,90800,90800,86900,87400,82408,015,37613000
777,A005387,현대차2우B,20180629,91300,92700,90200,90800,92979,015,37613000
778,A005387,현대차2우B,20180628,92400,93000,91000,92000,77484,015,37613000
779,A005387,현대차2우B,20180627,94000,94400,92300,92800,79819,015,37613000
780,A005387,현대차2우B,20180626,93200,94400,91700,93600,66614,015,37613000
781,A005387,현대차2우B,20180625,92500,93600,92300,93400,92484,015,37613000
782,A005387,현대차2우B,20180622,89000,92600,89000,92000,80936,015,37613000
783,A005387,현대차2우B,20180621,90200,90200,88400,89000,87709,015,37613000
784,A005387,현대차2우B,20180620,90900,91700,90000,90200,62067,015,37613000
785,A005387,현대차2우B,20180619,91100,91600,90200,91100,75930,015,37613000
786,A005387,현대차2우B,20180618,89700,91600,89700,91000,70836,015,37613000
787,A005387,현대차2우B,20180615,93800,93900,89600,89600,226349,015,37613000
788,A005387,현대차2우B,20180614,94600,94900,92300,94200,197292,015,37613000
789,A005387,현대차2우B,20180612,95200,96200,95000,95000,53406,015,37613000
790,A005387,현대차2우B,20180611,97600,97600,94600,95200,102504,015,37613000
791,A005387,현대차2우B,20180608,98600,98800,96500,97600,50630,015,37613000
792,A005387,현대차2우B,20180607,100500,101500,98000,98700,99207,015,37613000
793,A005387,현대차2우B,20180605,100000,101000,99000,100500,48482,015,37613000
794,A005387,현대차2우B,20180604,96600,100500,96600,100500,40049,015,37613000
795,A005387,현대차2우B,20180601,95200,97200,94700,96600,33807,015,37613000
796,A005387,현대차2우B,20180531,95500,96700,94500,94500,188754,015,37613000
797,A005387,현대차2우B,20180530,97200,97400,95100,95100,78389,015,37613000
798,A005387,현대차2우B,20180529,96300,98500,96300,97600,42870,015,37613000
799,A005387,현대차2우B,20180528,96400,97700,94500,96500,71099,015,37613000
800,A005387,현대차2우B,20180525,95500,96600,94500,95300,77931,015,37613000
801,A005387,현대차2우B,20180524,98800,99400,94500,95500,117785,015,37613000
802,A005387,현대차2우B,20180523,102000,102500,98600,98600,164056,015,37613000
803,A005387,현대차2우B,20180521,101500,103500,101000,102500,37676,015,37613000
804,A005387,현대차2우B,20180518,101500,103000,100500,101500,69258,015,37613000
805,A005387,현대차2우B,20180517,102500,104000,101000,101500,65005,015,37613000
806,A005387,현대차2우B,20180516,100500,104000,98600,103000,168628,015,37613000
807,A005387,현대차2우B,20180515,101500,102500,100000,101000,67291,015,37613000
808,A005387,현대차2우B,20180514,102000,103500,100500,101500,83697,015,37613000
809,A005387,현대차2우B,20180511,101000,104000,101000,103000,99324,015,37613000
810,A005387,현대차2우B,20180510,103500,105000,100500,100500,105472,015,37613000
811,A005387,현대차2우B,20180509,103500,106000,102500,103500,106240,015,37613000
812,A005387,현대차2우B,20180508,106500,108500,103000,103000,140015,015,37613000
813,A005387,현대차2우B,20180504,109500,109500,105500,107000,159009,015,37613000
814,A005387,현대차2우B,20180503,110500,112000,108500,109500,186761,015,37613000
815,A005387,현대차2우B,20180502,115000,115000,109500,110000,334590,015,37613000
816,A005387,현대차2우B,20180430,113000,115500,111500,115000,289589,015,37613000
817,A005387,현대차2우B,20180427,108500,115500,105000,112000,486531,015,37613000
818,A005387,현대차2우B,20180426,112000,113500,108000,109500,191785,015,37613000
819,A005387,현대차2우B,20180425,110000,112500,107500,112000,148788,015,37613000
820,A005387,현대차2우B,20180424,108500,113000,107500,109500,364944,015,37613000
821,A005387,현대차2우B,20180423,107000,108000,103500,107500,129173,015,37613000
822,A005387,현대차2우B,20180420,107000,108500,105500,106500,127092,015,37613000
823,A005387,현대차2우B,20180419,103500,107500,102000,107000,129059,015,37613000
824,A005387,현대차2우B,20180418,102500,105000,102000,104000,172849,015,37613000
825,A005387,현대차2우B,20180417,100500,110000,100000,102500,363054,015,37613000
826,A005387,현대차2우B,20180416,98200,99700,97500,99000,73148,015,37613000
827,A005387,현대차2우B,20180413,99400,100000,97500,98100,48106,015,37613000
828,A005387,현대차2우B,20180412,99400,99900,98900,99400,74549,015,37613000
829,A005387,현대차2우B,20180411,100500,101500,99400,99400,50392,015,37613000
830,A005387,현대차2우B,20180410,100000,101000,98800,100500,53500,015,37613000
831,A005387,현대차2우B,20180409,100500,101000,99500,99600,59198,015,37613000
832,A005387,현대차2우B,20180406,100500,100500,99300,100500,50851,015,37613000
833,A005387,현대차2우B,20180405,100000,101500,97000,100000,168590,015,37613000
834,A005387,현대차2우B,20180404,96400,101500,96400,99700,198718,015,37613000
835,A005387,현대차2우B,20180403,93500,96100,93000,96100,64080,015,37613000
836,A005387,현대차2우B,20180402,93200,94700,93100,94400,36987,015,37613000
837,A005387,현대차2우B,20180330,93000,93500,92700,93100,25986,015,37613000
838,A005387,현대차2우B,20180329,97100,97100,92500,93200,92158,015,37613000
839,A005387,현대차2우B,20180328,96300,98300,96000,97100,38112,015,37613000
840,A005387,현대차2우B,20180327,96500,98000,95800,97300,36877,015,37613000
841,A005387,현대차2우B,20180326,96300,97300,95300,95800,15954,015,37613000
842,A005387,현대차2우B,20180323,96300,97700,95800,96900,31362,015,37613000
843,A005387,현대차2우B,20180322,96700,97900,96000,97900,31313,015,37613000
844,A005387,현대차2우B,20180321,95700,97900,95700,96200,28682,015,37613000
845,A005387,현대차2우B,20180320,93900,96200,93200,96200,30006,015,37613000
846,A005387,현대차2우B,20180319,97000,97000,93100,93900,71206,015,37613000
847,A005387,현대차2우B,20180316,97800,98300,97200,97200,59670,015,37613000
848,A005387,현대차2우B,20180315,98300,98300,96000,97200,47963,015,37613000
849,A005387,현대차2우B,20180314,96500,98500,95700,97000,43175,015,37613000
850,A005387,현대차2우B,20180313,96900,96900,95400,96800,23107,015,37613000
851,A005387,현대차2우B,20180312,96600,97200,96100,96300,36256,015,37613000
852,A005387,현대차2우B,20180309,95500,98000,95100,96300,69345,015,37613000
853,A005387,현대차2우B,20180308,95400,96400,94700,94700,30547,015,37613000
854,A005387,현대차2우B,20180307,97600,98000,95300,95300,44781,015,37613000
855,A005387,현대차2우B,20180306,96500,99400,96500,98400,42773,015,37613000
856,A005387,현대차2우B,20180305,96300,97500,96200,96400,55521,015,37613000
857,A005387,현대차2우B,20180302,96800,97700,95900,96300,78202,015,37613000
858,A005387,현대차2우B,20180228,96900,98600,96600,97700,86560,015,37613000
859,A005387,현대차2우B,20180227,96900,98900,96400,97400,164388,015,37613000
860,A005387,현대차2우B,20180226,96800,97300,95500,96200,73591,015,37613000
861,A005387,현대차2우B,20180223,97900,97900,95500,96100,99286,015,37613000
862,A005387,현대차2우B,20180222,100000,100000,96900,96900,99826,015,37613000
863,A005387,현대차2우B,20180221,97800,100500,97100,99700,60972,015,37613000
864,A005387,현대차2우B,20180220,96300,98000,95900,97300,45207,015,37613000
865,A005387,현대차2우B,20180219,97000,97300,95700,97000,42557,015,37613000
866,A005387,현대차2우B,20180214,94500,97100,94500,96200,64111,015,37613000
867,A005387,현대차2우B,20180213,98000,98000,95300,95300,50816,015,37613000
868,A005387,현대차2우B,20180212,99500,99500,96800,96800,36533,015,37613000
869,A005387,현대차2우B,20180209,101000,101000,98300,98300,60807,015,37613000
870,A005387,현대차2우B,20180208,101000,103000,100500,102500,62555,015,37613000
871,A005387,현대차2우B,20180207,101000,101500,100000,100000,76025,015,37613000
872,A005387,현대차2우B,20180206,102500,104500,99900,100000,100150,015,37613000
873,A005387,현대차2우B,20180205,104000,104500,102500,103500,47400,015,37613000
874,A005387,현대차2우B,20180202,103000,105000,102500,104500,79900,015,37613000
875,A005387,현대차2우B,20180201,103500,104500,102000,103000,64622,015,37613000
876,A005387,현대차2우B,20180131,103500,105500,102500,104000,134428,015,37613000
877,A005387,현대차2우B,20180130,103000,104500,103000,104000,66058,015,37613000
878,A005387,현대차2우B,20180129,102500,103500,101500,103000,75515,015,37613000
879,A005387,현대차2우B,20180126,104000,104000,100000,102500,101953,015,37613000
880,A005387,현대차2우B,20180125,103500,105500,102000,105500,59442,015,37613000
881,A005387,현대차2우B,20180124,106500,107000,102500,103500,41872,015,37613000
882,A005387,현대차2우B,20180123,108000,109000,105500,107000,80854,015,37613000
883,A005387,현대차2우B,20180122,105000,107000,104000,107000,70244,015,37613000
884,A005387,현대차2우B,20180119,103500,106000,102500,104500,102543,015,37613000
885,A005387,현대차2우B,20180118,105500,106000,102000,103000,72524,015,37613000
886,A005387,현대차2우B,20180117,104000,106500,103000,104500,78428,015,37613000
887,A005387,현대차2우B,20180116,101000,104500,100500,104000,34783,015,37613000
888,A005387,현대차2우B,20180115,102000,102500,100000,101000,35896,015,37613000
889,A005387,현대차2우B,20180112,104000,104500,101500,102500,38162,015,37613000
890,A005387,현대차2우B,20180111,105000,105000,103000,104500,30654,015,37613000
891,A005387,현대차2우B,20180110,102500,105000,102500,105000,63311,015,37613000
892,A005387,현대차2우B,20180109,101500,103000,101000,103000,56229,015,37613000
893,A005387,현대차2우B,20180108,99900,102000,99800,101500,79466,015,37613000
894,A005387,현대차2우B,20180105,99000,99700,98000,99700,81250,015,37613000
895,A005387,현대차2우B,20180104,100500,101000,98700,98900,155473,015,37613000
896,A005387,현대차2우B,20180103,100000,101500,100000,101500,65585,015,37613000
897,A005387,현대차2우B,20180102,101500,101500,99100,100500,120405,015,37613000
898,A005387,현대차2우B,20171228,104000,104000,100000,102000,76575,015,37613000
899,A005387,현대차2우B,20171227,102500,104000,100500,104000,79480,015,37613000
900,A005387,현대차2우B,20171226,103000,104500,102000,104500,54491,015,37613000
901,A005387,현대차2우B,20171222,102000,104500,101500,104500,76288,015,37613000
902,A005387,현대차2우B,20171221,102000,103000,101000,102500,69814,015,37613000
903,A005387,현대차2우B,20171220,104500,105500,101500,101500,68977,015,37613000
904,A005387,현대차2우B,20171219,105000,106000,104000,105000,92145,015,37613000
905,A005387,현대차2우B,20171218,105000,106500,104000,106000,31627,015,37613000
906,A005387,현대차2우B,20171215,105000,106500,104000,105500,107944,015,37613000
907,A005387,현대차2우B,20171214,102500,106500,102500,106000,58412,015,37613000
908,A005387,현대차2우B,20171213,102000,103500,102000,103500,29544,015,37613000
909,A005387,현대차2우B,20171212,103000,103000,101000,102000,64015,015,37613000
910,A005387,현대차2우B,20171211,104500,105000,101000,102500,98982,015,37613000
911,A005387,현대차2우B,20171208,104500,106500,103500,105000,80553,015,37613000
912,A005387,현대차2우B,20171207,105000,105500,104000,104500,75409,015,37613000
913,A005387,현대차2우B,20171206,104000,106000,103500,105000,85039,015,37613000
914,A005387,현대차2우B,20171205,104000,106000,103500,103500,94862,015,37613000
915,A005387,현대차2우B,20171204,106000,106500,104000,104500,74592,015,37613000
916,A005387,현대차2우B,20171201,109500,111000,106500,106500,92854,015,37613000
917,A005387,현대차2우B,20171130,108000,111500,108000,108500,232460,015,37613000
918,A005387,현대차2우B,20171129,108000,109500,107500,108000,93116,015,37613000
919,A005387,현대차2우B,20171128,109500,109500,107000,108000,68261,015,37613000
920,A005387,현대차2우B,20171127,109000,110000,109000,109500,52145,015,37613000
921,A005387,현대차2우B,20171124,109500,110000,109500,110000,42173,015,37613000
922,A005387,현대차2우B,20171123,109500,110500,108500,109500,60289,015,37613000
923,A005387,현대차2우B,20171122,109000,111500,108500,109500,41468,015,37613000
924,A005387,현대차2우B,20171121,107500,110500,106500,110500,83690,015,37613000
925,A005387,현대차2우B,20171120,108500,108500,106500,107500,54721,015,37613000
926,A005387,현대차2우B,20171117,110500,111000,106500,108500,89469,015,37613000
927,A005387,현대차2우B,20171116,109500,110500,108000,110000,47333,015,37613000
928,A005387,현대차2우B,20171115,110500,112000,109500,109500,68138,015,37613000
929,A005387,현대차2우B,20171114,113000,113500,110000,110500,137111,015,37613000
930,A005387,현대차2우B,20171113,109000,112500,109000,112500,49113,015,37613000
931,A005387,현대차2우B,20171110,108500,110500,108000,109000,67070,015,37613000
932,A005387,현대차2우B,20171109,109500,110500,108000,108000,52961,015,37613000
933,A005387,현대차2우B,20171108,108500,111000,108500,109500,29991,015,37613000
934,A005387,현대차2우B,20171107,113000,114500,108500,109000,74831,015,37613000
935,A005387,현대차2우B,20171106,115500,117000,114500,114500,75249,015,37613000
936,A005387,현대차2우B,20171103,115000,117000,114500,117000,102697,015,37613000
937,A005387,현대차2우B,20171102,115500,116000,112500,116000,125467,015,37613000
938,A005387,현대차2우B,20171101,112500,114500,112000,114500,102152,015,37613000
939,A005387,현대차2우B,20171031,110000,115500,110000,113000,160465,015,37613000
940,A005387,현대차2우B,20171030,109500,110500,107000,110500,98862,015,37613000
941,A005387,현대차2우B,20171027,110000,110500,107000,110500,132278,015,37613000
942,A005387,현대차2우B,20171026,103000,110500,102500,110000,188960,015,37613000
943,A005387,현대차2우B,20171025,103000,103500,100500,103000,110813,015,37613000
944,A005387,현대차2우B,20171024,103500,104500,101500,102000,92872,015,37613000
945,A005387,현대차2우B,20171023,105000,106000,103500,103500,28349,015,37613000
946,A005387,현대차2우B,20171020,105000,105500,103000,105000,43182,015,37613000
947,A005387,현대차2우B,20171019,104500,105500,104000,104500,39622,015,37613000
948,A005387,현대차2우B,20171018,102000,104500,101000,104000,69840,015,37613000
949,A005387,현대차2우B,20171017,104000,104500,101500,102000,57544,015,37613000
950,A005387,현대차2우B,20171016,105000,105500,103000,105000,75496,015,37613000
951,A005387,현대차2우B,20171013,103500,105000,102000,105000,91414,015,37613000
952,A005387,현대차2우B,20171012,104500,104500,102500,104500,110753,015,37613000
953,A005387,현대차2우B,20171011,103000,104000,100500,104000,231683,015,37613000
954,A005387,현대차2우B,20171010,102500,103500,100500,102500,88303,015,37613000
955,A005387,현대차2우B,20170929,102000,104000,101000,102500,113339,015,37613000
956,A005387,현대차2우B,20170928,102500,103000,100500,101000,87299,015,37613000
957,A005387,현대차2우B,20170927,102500,103000,101000,102000,90974,015,37613000
958,A005387,현대차2우B,20170926,99900,103000,99000,102500,104220,015,37613000
959,A005387,현대차2우B,20170925,99900,100500,98000,99700,51637,015,37613000
960,A005387,현대차2우B,20170922,98200,101000,97800,99100,127094,015,37613000
961,A005387,현대차2우B,20170921,99600,100000,97200,98700,76698,015,37613000
962,A005387,현대차2우B,20170920,99900,101500,99000,100500,159013,015,37613000
963,A005387,현대차2우B,20170919,99000,99300,96900,99100,83068,015,37613000
964,A005387,현대차2우B,20170918,95900,96900,95200,96800,45677,015,37613000
965,A005387,현대차2우B,20170915,94300,96800,92300,95200,134399,015,37613000
966,A005387,현대차2우B,20170914,95700,96700,92000,92000,139026,015,37613000
967,A005387,현대차2우B,20170913,97400,97400,94900,95700,151298,015,37613000
968,A005387,현대차2우B,20170912,97200,100000,96300,97000,36987,015,37613000
969,A005387,현대차2우B,20170911,97400,97900,95700,97200,29048,015,37613000
970,A005387,현대차2우B,20170908,99000,99000,95600,97200,83490,015,37613000
971,A005387,현대차2우B,20170907,97000,99300,97000,98400,54250,015,37613000
972,A005387,현대차2우B,20170906,98100,98900,95400,97100,79463,015,37613000
973,A005387,현대차2우B,20170905,101000,102000,98600,99100,50560,015,37613000
974,A005387,현대차2우B,20170904,101000,103000,100500,101000,56667,015,37613000
975,A005387,현대차2우B,20170901,102000,103000,101500,102500,23671,015,37613000
976,A005387,현대차2우B,20170831,104500,105500,101000,102000,95208,015,37613000
977,A005387,현대차2우B,20170830,106000,106000,103500,105500,114353,015,37613000
978,A005387,현대차2우B,20170829,105500,107000,105500,106500,62640,015,37613000
979,A005387,현대차2우B,20170828,107500,107500,106000,106500,38082,015,37613000
980,A005387,현대차2우B,20170825,106000,107500,105500,107000,76211,015,37613000
981,A005387,현대차2우B,20170824,106500,107500,106000,106000,81801,015,37613000
982,A005387,현대차2우B,20170823,106000,107500,106000,107000,58787,015,37613000
983,A005387,현대차2우B,20170822,106500,108000,105000,106000,406193,015,37613000
984,A005387,현대차2우B,20170821,107500,108500,106500,107000,64861,015,37613000
985,A005387,현대차2우B,20170818,107000,109000,105500,108000,52398,015,37613000
986,A005387,현대차2우B,20170817,106000,107500,105500,107000,77056,015,37613000
987,A005387,현대차2우B,20170816,108000,109000,106500,107500,61018,015,37613000
988,A005387,현대차2우B,20170814,104000,107500,104000,106500,34862,015,37613000
989,A005387,현대차2우B,20170811,105000,107000,103500,104000,201805,015,37613000
990,A005387,현대차2우B,20170810,106500,107000,104000,107000,79041,015,37613000
991,A005387,현대차2우B,20170809,105000,108000,105000,106500,39695,015,37613000
992,A005387,현대차2우B,20170808,106500,107000,103500,106000,125243,015,37613000
993,A005387,현대차2우B,20170807,108500,110500,106500,106500,30592,015,37613000
994,A005387,현대차2우B,20170804,108000,110000,106000,108500,356221,015,37613000
995,A005387,현대차2우B,20170803,108000,109000,106000,107500,39136,015,37613000
996,A005387,현대차2우B,20170802,106500,109500,106000,107500,87982,015,37613000
997,A005387,현대차2우B,20170801,106500,108000,105000,105000,93312,015,37613000
998,A005387,현대차2우B,20170731,107000,107500,104500,106000,87085,015,37613000
999,A005387,현대차2우B,20170728,107500,109500,106500,107000,96790,015,37613000
1000,A005387,현대차2우B,20170727,112000,112000,108000,108000,62380,015,37613000
1001,A005387,현대차2우B,20170726,110000,116000,108500,112000,182603,015,37613000
1002,A005387,현대차2우B,20170725,106000,111000,106000,109000,94669,015,37613000
1003,A005387,현대차2우B,20170724,107000,108000,106000,106500,57219,015,37613000
1004,A005387,현대차2우B,20170721,107000,109000,106500,108000,56896,015,37613000
1005,A005387,현대차2우B,20170720,108000,108000,106000,108000,72668,015,37613000
1006,A005387,현대차2우B,20170719,107500,109500,107500,108000,39548,015,37613000
1007,A005387,현대차2우B,20170718,109000,109500,107000,107500,31074,015,37613000
1008,A005387,현대차2우B,20170717,111000,111000,107500,109000,65178,015,37613000
1009,A005387,현대차2우B,20170714,109500,113000,109000,110500,69294,015,37613000
1010,A005387,현대차2우B,20170713,110000,111500,108000,108500,48032,015,37613000
1011,A005387,현대차2우B,20170712,107000,110500,106500,109500,57965,015,37613000
1012,A005387,현대차2우B,20170711,105500,108000,105500,106500,49428,015,37613000
1013,A005387,현대차2우B,20170710,110000,110000,106000,106500,61398,015,37613000
1014,A005387,현대차2우B,20170707,109000,110500,108000,109500,40544,015,37613000
1015,A005387,현대차2우B,20170706,113000,113000,110500,110500,59785,015,37613000
1016,A005387,현대차2우B,20170705,115000,115000,110500,113000,64103,015,37613000
1017,A005387,현대차2우B,20170704,117500,118000,115000,115000,26684,015,37613000
1018,A005387,현대차2우B,20170703,116500,119000,116000,119000,32714,015,37613000
1019,A005387,현대차2우B,20170630,117500,118000,115500,116500,67286,015,37613000
1020,A005387,현대차2우B,20170629,116500,119000,116000,118000,38283,015,37613000
1021,A005387,현대차2우B,20170628,117500,118500,115000,116000,50741,015,37613000
1022,A005387,현대차2우B,20170627,117500,118000,115500,117500,57316,015,37613000
1023,A005387,현대차2우B,20170626,117000,119000,116000,117000,65775,015,37613000
1024,A005387,현대차2우B,20170623,117500,120000,116500,118000,85332,015,37613000
1025,A005387,현대차2우B,20170622,114500,117000,114000,117000,94906,015,37613000
1026,A005387,현대차2우B,20170621,116000,116500,113500,114000,90020,015,37613000
1027,A005387,현대차2우B,20170620,118000,119000,115500,115500,60938,015,37613000
1028,A005387,현대차2우B,20170619,119500,120000,117000,118500,78091,015,37613000
1029,A005387,현대차2우B,20170616,119000,120500,116500,118500,108435,015,37613000
1030,A005387,현대차2우B,20170615,121000,121500,116000,119500,135095,015,37613000
1031,A005387,현대차2우B,20170614,116000,121500,116000,121000,181209,015,37613000
1032,A005387,현대차2우B,20170613,114500,117500,113500,115500,128267,015,37613000
1033,A005387,현대차2우B,20170612,112500,115000,112500,114000,66315,015,37613000
1034,A005387,현대차2우B,20170609,113500,114500,113000,114000,143709,015,37613000
1035,A005387,현대차2우B,20170608,112500,114500,112000,114500,149692,015,37613000
1036,A005387,현대차2우B,20170607,114000,114500,110000,112500,150859,015,37613000
1037,A005387,현대차2우B,20170605,114000,118000,113500,114000,77040,015,37613000
1038,A005387,현대차2우B,20170602,114500,115500,113000,115000,120055,015,37613000
1039,A005387,현대차2우B,20170601,113000,115500,112500,114000,120630,015,37613000
1040,A005387,현대차2우B,20170531,111500,113500,110000,113500,150984,015,37613000
1041,A005387,현대차2우B,20170530,108000,111500,107500,111500,65816,015,37613000
1042,A005387,현대차2우B,20170529,110500,111500,107500,107500,115658,015,37613000
1043,A005387,현대차2우B,20170526,112000,112000,109500,111000,167534,015,37613000
1044,A005387,현대차2우B,20170525,110500,113000,110000,111500,164776,015,37613000
1045,A005387,현대차2우B,20170524,113000,114000,110000,111000,146440,015,37613000
1046,A005387,현대차2우B,20170523,113500,115500,112000,112500,68192,015,37613000
1047,A005387,현대차2우B,20170522,111000,113500,110500,113000,65354,015,37613000
1048,A005387,현대차2우B,20170519,109000,112000,105500,110500,182690,015,37613000
1049,A005387,현대차2우B,20170518,106500,111000,106000,109000,126721,015,37613000
1050,A005387,현대차2우B,20170517,104500,107500,104000,107500,111850,015,37613000
1051,A005387,현대차2우B,20170516,103500,105000,102500,105000,160339,015,37613000
1052,A005387,현대차2우B,20170515,101500,104000,101000,103000,63071,015,37613000
1053,A005387,현대차2우B,20170512,102000,102500,100000,102000,255604,015,37613000
1054,A005387,현대차2우B,20170511,104000,104500,102000,102500,147475,015,37613000
1055,A005387,현대차2우B,20170510,104000,105000,102500,104000,232146,015,37613000
1056,A005387,현대차2우B,20170508,102500,104500,101000,104500,125825,015,37613000
1057,A005387,현대차2우B,20170504,102000,103500,101000,102500,92416,015,37613000
1058,A005387,현대차2우B,20170502,99300,102500,99300,102000,78116,015,37613000
1059,A005387,현대차2우B,20170428,101000,101000,98500,99300,69279,015,37613000
1060,A005387,현대차2우B,20170427,103000,103000,100000,102000,124580,015,37613000
1061,A005387,현대차2우B,20170426,99700,104000,98500,104000,153116,015,37613000
1062,A005387,현대차2우B,20170425,95900,99000,95500,99000,94139,015,37613000
1063,A005387,현대차2우B,20170424,95000,95900,94700,95600,52813,015,37613000
1064,A005387,현대차2우B,20170421,94800,95700,93900,94900,73141,015,37613000
1065,A005387,현대차2우B,20170420,93000,95200,93000,94500,113857,015,37613000
1066,A005387,현대차2우B,20170419,96400,96400,92800,92800,102857,015,37613000
1067,A005387,현대차2우B,20170418,98400,98500,95900,96400,64611,015,37613000
1068,A005387,현대차2우B,20170417,96600,98200,95800,97600,33942,015,37613000
1069,A005387,현대차2우B,20170414,96200,97000,95700,96600,30758,015,37613000
1070,A005387,현대차2우B,20170413,97100,97700,95100,96700,74753,015,37613000
1071,A005387,현대차2우B,20170412,96300,97200,95700,96700,63913,015,37613000
1072,A005387,현대차2우B,20170411,97700,98000,95800,95800,68928,015,37613000
1073,A005387,현대차2우B,20170410,97300,98700,96500,98000,53220,015,37613000
1074,A005387,현대차2우B,20170407,100500,100500,97000,97400,154859,015,37613000
1075,A005387,현대차2우B,20170406,100500,101500,99500,100500,114792,015,37613000
1076,A005387,현대차2우B,20170405,99500,100000,98200,100000,77801,015,37613000
1077,A005387,현대차2우B,20170404,101000,102000,99200,99400,50478,015,37613000
1078,A005387,현대차2우B,20170403,104000,104000,101000,101500,45693,015,37613000
1079,A005387,현대차2우B,20170331,104000,105000,102000,103500,52457,015,37613000
1080,A005387,현대차2우B,20170330,103500,107500,103500,103500,35652,015,37613000
1081,A005387,현대차2우B,20170329,104000,104500,102000,103500,105994,015,37613000
1082,A005387,현대차2우B,20170328,104500,106500,103000,103500,94786,015,37613000
1083,A005387,현대차2우B,20170327,107000,107500,104500,104500,76124,015,37613000
1084,A005387,현대차2우B,20170324,109000,110500,106000,108000,147577,015,37613000
1085,A005387,현대차2우B,20170323,111000,111500,107500,108000,89787,015,37613000
1086,A005387,현대차2우B,20170322,108500,111000,107000,110500,122370,015,37613000
1087,A005387,현대차2우B,20170321,104000,111000,103500,110500,333548,015,37613000
1088,A005387,현대차2우B,20170320,102500,104500,101500,103500,220794,015,37613000
1089,A005387,현대차2우B,20170317,102000,102500,101500,102000,123878,015,37613000
1090,A005387,현대차2우B,20170316,102000,102500,101000,102000,93872,015,37613000
1091,A005387,현대차2우B,20170315,100500,101500,99700,101500,104216,015,37613000
1092,A005387,현대차2우B,20170314,98700,101000,98700,100500,95500,015,37613000
1093,A005387,현대차2우B,20170313,99500,99700,98400,98700,45375,015,37613000
1094,A005387,현대차2우B,20170310,99600,99900,98400,99000,44472,015,37613000
1095,A005387,현대차2우B,20170309,101000,101500,99600,99600,67518,015,37613000
1096,A005387,현대차2우B,20170308,99700,100500,99500,100500,66573,015,37613000
1097,A005387,현대차2우B,20170307,99200,100500,99100,99400,56028,015,37613000
1098,A005387,현대차2우B,20170306,99500,101000,99000,99900,88328,015,37613000
1099,A005387,현대차2우B,20170303,102500,102500,99500,100500,260208,015,37613000
1100,A005387,현대차2우B,20170302,102500,104500,102000,103500,188311,015,37613000
1101,A005387,현대차2우B,20170228,101000,102000,100500,102000,84669,015,37613000
1102,A005387,현대차2우B,20170227,101500,102000,100500,101500,47070,015,37613000
1103,A005387,현대차2우B,20170224,100500,102000,100000,101000,78720,015,37613000
1104,A005387,현대차2우B,20170223,102000,102000,100000,101000,181591,015,37613000
1105,A005387,현대차2우B,20170222,102000,102500,101000,102000,253841,015,37613000
1106,A005387,현대차2우B,20170221,101000,102500,101000,102000,126814,015,37613000
1107,A005387,현대차2우B,20170220,100000,102500,100000,102000,76794,015,37613000
1108,A005387,현대차2우B,20170217,100500,101000,99500,100500,82227,015,37613000
1109,A005387,현대차2우B,20170216,98800,101500,98000,101000,131258,015,37613000
1110,A005387,현대차2우B,20170215,96000,98900,95900,98500,78084,015,37613000
1111,A005387,현대차2우B,20170214,97100,97500,95800,96000,87891,015,37613000
1112,A005387,현대차2우B,20170213,97300,97300,95700,97000,89679,015,37613000
1113,A005387,현대차2우B,20170210,95300,97500,95300,96900,86364,015,37613000
1114,A005387,현대차2우B,20170209,94400,95600,93700,95000,45045,015,37613000
1115,A005387,현대차2우B,20170208,96500,96500,93600,95000,141524,015,37613000
1116,A005387,현대차2우B,20170207,94800,95600,94600,95600,102835,015,37613000
1117,A005387,현대차2우B,20170206,94900,95400,93200,95400,102091,015,37613000
1118,A005387,현대차2우B,20170203,94100,94800,93000,94700,75527,015,37613000
1119,A005387,현대차2우B,20170202,96400,97000,93200,93800,104963,015,37613000
1120,A005387,현대차2우B,20170201,96300,96600,94800,95600,66306,015,37613000
1121,A005387,현대차2우B,20170131,98400,98500,95300,95900,127843,015,37613000
1122,A005387,현대차2우B,20170126,98600,99300,98000,98400,120311,015,37613000
1123,A005387,현대차2우B,20170125,100500,102000,98400,98400,145129,015,37613000
1124,A005387,현대차2우B,20170124,101500,102000,99000,100000,100403,015,37613000
1125,A005387,현대차2우B,20170123,101500,103000,99700,101500,125583,015,37613000
1126,A005387,현대차2우B,20170120,104000,105000,100500,100500,133570,015,37613000
1127,A005387,현대차2우B,20170119,102000,104500,101500,103500,114589,015,37613000
1128,A005387,현대차2우B,20170118,101000,103000,100500,103000,243057,015,37613000
1129,A005387,현대차2우B,20170117,99300,101500,99000,100000,153028,015,37613000
1130,A005387,현대차2우B,20170116,98700,100000,98000,99200,72931,015,37613000
1131,A005387,현대차2우B,20170113,98600,99400,97600,98000,92341,015,37613000
1132,A005387,현대차2우B,20170112,99100,99500,98400,98500,120729,015,37613000
1133,A005387,현대차2우B,20170111,100500,100500,98700,99500,126938,015,37613000
1134,A005387,현대차2우B,20170110,100000,101500,99500,101000,106381,015,37613000
1135,A005387,현대차2우B,20170109,102000,102500,100000,100500,122488,015,37613000
1136,A005387,현대차2우B,20170106,103000,103500,101000,102000,209771,015,37613000
1137,A005387,현대차2우B,20170105,103000,104000,101500,103500,257544,015,37613000
1138,A005387,현대차2우B,20170104,100500,103500,100000,101500,277396,015,37613000
1139,A005387,현대차2우B,20170103,101000,102000,99700,101000,198267,015,37613000
1140,A005387,현대차2우B,20170102,99400,102500,98500,100500,101887,015,37613000
1141,A005387,현대차2우B,20161229,99100,99900,98600,99400,84634,015,37613000
1142,A005387,현대차2우B,20161228,99200,99600,98700,99100,113579,015,37613000
1143,A005387,현대차2우B,20161227,102000,102500,100500,101000,79467,015,37613000
1144,A005387,현대차2우B,20161226,101500,102000,100000,102000,36175,015,37613000
1145,A005387,현대차2우B,20161223,102000,102500,101000,101500,97401,015,37613000
1146,A005387,현대차2우B,20161222,101000,102000,100500,102000,80155,015,37613000
1147,A005387,현대차2우B,20161221,100500,102000,100000,101000,120262,015,37613000
1148,A005387,현대차2우B,20161220,99000,100500,98700,100000,140261,015,37613000
1149,A005387,현대차2우B,20161219,98800,100500,98700,99300,38351,015,37613000
1150,A005387,현대차2우B,20161216,99800,100000,98400,98500,71661,015,37613000
1151,A005387,현대차2우B,20161215,101000,101000,99200,99200,55382,015,37613000
1152,A005387,현대차2우B,20161214,102500,102500,99500,101000,87035,015,37613000
1153,A005387,현대차2우B,20161213,101500,102500,100500,102000,77494,015,37613000
1154,A005387,현대차2우B,20161212,99800,102000,99800,101000,68758,015,37613000
1155,A005387,현대차2우B,20161209,100000,101500,99500,99800,89599,015,37613000
1156,A005387,현대차2우B,20161208,97100,101000,97100,100000,109841,015,37613000
1157,A005387,현대차2우B,20161207,96600,99500,96300,96600,53732,015,37613000
1158,A005387,현대차2우B,20161206,94500,97300,94200,96600,46098,015,37613000
1159,A005387,현대차2우B,20161205,96000,96100,94100,94500,75898,015,37613000
1160,A005387,현대차2우B,20161202,96600,98100,95500,95700,67537,015,37613000
1161,A005387,현대차2우B,20161201,99400,99700,95600,95600,66036,015,37613000
1162,A005387,현대차2우B,20161130,100500,100500,98200,99300,86502,015,37613000
1163,A005387,현대차2우B,20161129,100000,101000,97300,100000,74901,015,37613000
1164,A005387,현대차2우B,20161128,100000,101500,99000,100500,69680,015,37613000
1165,A005387,현대차2우B,20161125,100500,100500,98400,99700,32475,015,37613000
1166,A005387,현대차2우B,20161124,98800,100000,97300,100000,52784,015,37613000
1167,A005387,현대차2우B,20161123,97600,98500,96400,98500,40101,015,37613000
1168,A005387,현대차2우B,20161122,99700,99700,96000,96000,37765,015,37613000
1169,A005387,현대차2우B,20161121,96800,99000,95600,98200,45447,015,37613000
1170,A005387,현대차2우B,20161118,97000,97700,95400,96000,72325,015,37613000
1171,A005387,현대차2우B,20161117,94200,97500,94200,96400,43086,015,37613000
1172,A005387,현대차2우B,20161116,93200,95200,92900,94700,50548,015,37613000
1173,A005387,현대차2우B,20161115,95800,95900,92900,92900,58465,015,37613000
1174,A005387,현대차2우B,20161114,94700,96500,93400,95500,89529,015,37613000
1175,A005387,현대차2우B,20161111,92800,94800,92800,93200,120817,015,37613000
1176,A005387,현대차2우B,20161110,96300,96400,91500,92600,172396,015,37613000
1177,A005387,현대차2우B,20161109,98300,99200,95100,96200,81557,015,37613000
1178,A005387,현대차2우B,20161108,98700,98700,97000,97900,43830,015,37613000
1179,A005387,현대차2우B,20161107,96800,98900,96000,98400,58569,015,37613000
1180,A005387,현대차2우B,20161104,97100,97800,95800,96000,79055,015,37613000
1181,A005387,현대차2우B,20161103,98000,98400,96500,97100,66294,015,37613000
1182,A005387,현대차2우B,20161102,99600,100000,98100,98200,74755,015,37613000
1183,A005387,현대차2우B,20161101,101000,101000,99600,99600,71652,015,37613000
1184,A005387,현대차2우B,20161031,102000,102500,100000,100500,91111,015,37613000
1185,A005387,현대차2우B,20161028,100000,102500,100000,102000,68677,015,37613000
1186,A005387,현대차2우B,20161027,100500,101000,99000,100500,76659,015,37613000
1187,A005387,현대차2우B,20161026,102500,102500,99300,100000,99671,015,37613000
1188,A005387,현대차2우B,20161025,99400,103000,99400,102000,89188,015,37613000
1189,A005387,현대차2우B,20161024,99600,100500,99000,99600,37542,015,37613000
1190,A005387,현대차2우B,20161021,99400,99800,98600,99200,26856,015,37613000
1191,A005387,현대차2우B,20161020,99600,99600,97300,99400,71902,015,37613000
1192,A005387,현대차2우B,20161019,100500,100500,99300,99500,28803,015,37613000
1193,A005387,현대차2우B,20161018,100500,101500,99800,100500,78945,015,37613000
1194,A005387,현대차2우B,20161017,100500,101500,99500,100500,67409,015,37613000
1195,A005387,현대차2우B,20161014,102000,102500,99900,100000,92812,015,37613000
1196,A005387,현대차2우B,20161013,102500,103000,101000,102500,30917,015,37613000
1197,A005387,현대차2우B,20161012,100000,102500,99700,102000,55638,015,37613000
1198,A005387,현대차2우B,20161011,102000,103000,100000,100500,144734,015,37613000
1199,A005387,현대차2우B,20161010,103000,103000,100000,102500,156415,015,37613000
1200,A005387,현대차2우B,20161007,105000,105000,102000,104000,101235,015,37613000
1201,A005387,현대차2우B,20161006,105000,106000,103500,105000,91060,015,37613000
1202,A005387,현대차2우B,20161005,105000,106500,104500,104500,121331,015,37613000
1203,A005387,현대차2우B,20161004,107500,107500,105000,106500,94308,015,37613000
1204,A005387,현대차2우B,20160930,108000,108500,104000,105500,138578,015,37613000
1205,A005387,현대차2우B,20160929,106000,109500,105500,109500,65890,015,37613000
1206,A005387,현대차2우B,20160928,106000,108500,106000,106000,62067,015,37613000
1207,A005387,현대차2우B,20160927,105000,107500,104000,106000,70374,015,37613000
1208,A005387,현대차2우B,20160926,106500,107000,105000,106500,63447,015,37613000
1209,A005387,현대차2우B,20160923,105000,107500,104000,107500,56280,015,37613000
1210,A005387,현대차2우B,20160922,106500,107000,103500,105000,51362,015,37613000
1211,A005387,현대차2우B,20160921,105000,106500,104000,106500,62854,015,37613000
1212,A005387,현대차2우B,20160920,104500,106500,104000,105500,47200,015,37613000
1213,A005387,현대차2우B,20160919,104500,106000,103500,104500,61863,015,37613000
1214,A005387,현대차2우B,20160913,104000,106000,103000,105000,48841,015,37613000
1215,A005387,현대차2우B,20160912,104000,105500,103000,103500,46048,015,37613000
1216,A005387,현대차2우B,20160909,106500,107000,103500,105500,57016,015,37613000
1217,A005387,현대차2우B,20160908,104500,106500,102500,106500,110234,015,37613000
1218,A005387,현대차2우B,20160907,105000,105500,103000,104500,59776,015,37613000
1219,A005387,현대차2우B,20160906,104000,105000,102000,105000,40320,015,37613000
1220,A005387,현대차2우B,20160905,101500,104500,101500,103500,78084,015,37613000
1221,A005387,현대차2우B,20160902,100000,102000,99900,101000,33921,015,37613000
1222,A005387,현대차2우B,20160901,100500,100500,99100,99500,24362,015,37613000
1223,A005387,현대차2우B,20160831,101500,102500,100000,100500,43596,015,37613000
1224,A005387,현대차2우B,20160830,101500,102000,100500,101500,31113,015,37613000
1225,A005387,현대차2우B,20160829,101000,102000,100000,101500,44234,015,37613000
1226,A005387,현대차2우B,20160826,102000,103500,101000,101500,47038,015,37613000
1227,A005387,현대차2우B,20160825,101000,104500,101000,103000,121366,015,37613000
1228,A005387,현대차2우B,20160824,99500,102000,99400,101500,123275,015,37613000
1229,A005387,현대차2우B,20160823,97800,99900,96500,99400,109373,015,37613000
1230,A005387,현대차2우B,20160822,98900,99400,97400,97700,39968,015,37613000
1231,A005387,현대차2우B,20160819,99300,99700,98200,99500,32857,015,37613000
1232,A005387,현대차2우B,20160818,99600,99600,97900,98400,96900,015,37613000
1233,A005387,현대차2우B,20160817,98900,99600,98800,99400,48813,015,37613000
1234,A005387,현대차2우B,20160816,101000,101500,98900,98900,71940,015,37613000
1235,A005387,현대차2우B,20160812,99900,101500,99400,100500,86290,015,37613000
1236,A005387,현대차2우B,20160811,99600,100500,99000,99800,41684,015,37613000
1237,A005387,현대차2우B,20160810,100000,100500,98700,99800,90118,015,37613000
1238,A005387,현대차2우B,20160809,99600,101000,99500,99900,77394,015,37613000
1239,A005387,현대차2우B,20160808,100500,100500,99000,99500,71735,015,37613000
1240,A005387,현대차2우B,20160805,100000,101500,99000,100500,87813,015,37613000
1241,A005387,현대차2우B,20160804,100500,101500,98300,101000,96204,015,37613000
1242,A005387,현대차2우B,20160803,101500,101500,99700,100500,91500,015,37613000
1243,A005387,현대차2우B,20160802,101000,102500,99900,101500,110751,015,37613000
1244,A005387,현대차2우B,20160801,100500,104500,100000,102000,74853,015,37613000
1245,A005387,현대차2우B,20160729,104000,105000,100500,100500,93613,015,37613000
1246,A005387,현대차2우B,20160728,103000,104000,102500,104000,70572,015,37613000
1247,A005387,현대차2우B,20160727,105000,105500,101500,103000,99372,015,37613000
1248,A005387,현대차2우B,20160726,103500,106000,102000,105000,130221,015,37613000
1249,A005387,현대차2우B,20160725,99900,103500,99700,103000,186928,015,37613000
1250,A005387,현대차2우B,20160722,99500,100000,98500,99600,83407,015,37613000
1251,A005387,현대차2우B,20160721,99500,99800,98400,99700,122168,015,37613000
1252,A005387,현대차2우B,20160720,100500,100500,97600,98800,64920,015,37613000
1253,A005387,현대차2우B,20160719,99100,102500,98000,99200,113104,015,37613000
1254,A005387,현대차2우B,20160718,99000,99300,97700,99200,140180,015,37613000
1255,A005387,현대차2우B,20160715,98000,99100,97500,99000,68462,015,37613000
1256,A005387,현대차2우B,20160714,98800,98800,97000,98100,63477,015,37613000
1257,A005387,현대차2우B,20160713,96200,98800,96000,98800,98089,015,37613000
1258,A005387,현대차2우B,20160712,95200,96100,94800,96100,45938,015,37613000
1259,A005387,현대차2우B,20160711,94600,95000,94000,95000,76566,015,37613000
1260,A005387,현대차2우B,20160708,95100,95500,94100,94500,46074,015,37613000
1261,A005387,현대차2우B,20160707,95600,96000,94900,94900,59383,015,37613000
1262,A005387,현대차2우B,20160706,97300,97300,94500,95200,114831,015,37613000
1263,A005387,현대차2우B,20160705,97700,97700,96600,97300,32578,015,37613000
1264,A005387,현대차2우B,20160704,96500,97600,96200,97600,45989,015,37613000
1265,A005387,현대차2우B,20160701,96700,97000,95900,95900,95023,015,37613000
1266,A005387,현대차2우B,20160630,97600,97700,95800,96300,69778,015,37613000
1267,A005387,현대차2우B,20160629,99100,99200,97300,97500,90247,015,37613000
1268,A005387,현대차2우B,20160628,100000,101500,98800,98800,133262,015,37613000
1269,A005387,현대차2우B,20160627,97900,103500,97900,101000,163799,015,37613000
1270,A005387,현대차2우B,20160624,100500,100500,95000,99100,166523,015,37613000
1271,A005387,현대차2우B,20160623,101000,101500,99900,100000,91961,015,37613000
1272,A005387,현대차2우B,20160622,99100,102500,99100,101000,133372,015,37613000
1273,A005387,현대차2우B,20160621,99500,100000,97900,99400,303602,015,37613000
1274,A005387,현대차2우B,20160620,101500,102000,99200,99300,133887,015,37613000
1275,A005387,현대차2우B,20160617,100000,102500,99500,101000,60165,015,37613000
1276,A005387,현대차2우B,20160616,102000,102000,98600,100500,61994,015,37613000
1277,A005387,현대차2우B,20160615,101500,102500,101500,101500,35532,015,37613000
1278,A005387,현대차2우B,20160614,101500,103000,100000,101500,42421,015,37613000
1279,A005387,현대차2우B,20160613,102000,102000,100500,101000,57641,015,37613000
1280,A005387,현대차2우B,20160610,104000,104500,101500,102500,71451,015,37613000
1281,A005387,현대차2우B,20160609,103500,107500,102500,104000,70686,015,37613000
1282,A005387,현대차2우B,20160608,104000,105500,102000,104500,83743,015,37613000
1283,A005387,현대차2우B,20160607,103500,105000,103500,105000,57010,015,37613000
1284,A005387,현대차2우B,20160603,104500,105500,103000,104500,90023,015,37613000
1285,A005387,현대차2우B,20160602,105500,106500,104000,104500,98625,015,37613000
1286,A005387,현대차2우B,20160601,105000,106500,103000,105500,117967,015,37613000
1287,A005387,현대차2우B,20160531,103000,105000,102000,105000,218932,015,37613000
1288,A005387,현대차2우B,20160530,102500,104000,100000,101500,70449,015,37613000
1289,A005387,현대차2우B,20160527,99900,104000,99800,104000,127282,015,37613000
1290,A005387,현대차2우B,20160526,100500,102000,99100,99100,79756,015,37613000
1291,A005387,현대차2우B,20160525,97200,101000,97100,100500,82464,015,37613000
1292,A005387,현대차2우B,20160524,96000,96900,96000,96500,56341,015,37613000
1293,A005387,현대차2우B,20160523,95300,96300,95300,96300,43562,015,37613000
1294,A005387,현대차2우B,20160520,95500,96600,94800,95000,49223,015,37613000
1295,A005387,현대차2우B,20160519,95200,96000,94900,95700,59311,015,37613000
1296,A005387,현대차2우B,20160518,94000,95200,93800,94800,105795,015,37613000
1297,A005387,현대차2우B,20160517,96600,96600,93800,93800,50187,015,37613000
1298,A005387,현대차2우B,20160516,96600,96700,95400,95500,33277,015,37613000
1299,A005387,현대차2우B,20160513,97600,97900,96200,96400,37072,015,37613000
1300,A005387,현대차2우B,20160512,99000,99000,97200,97500,32423,015,37613000
1301,A005387,현대차2우B,20160511,97800,99500,97800,98700,79208,015,37613000
1302,A005387,현대차2우B,20160510,95300,97700,95200,97400,68554,015,37613000
1303,A005387,현대차2우B,20160509,97200,97600,95100,95200,51049,015,37613000
1304,A005387,현대차2우B,20160504,98500,99100,96800,97700,61379,015,37613000
1305,A005387,현대차2우B,20160503,99700,99700,98200,99100,69157,015,37613000
1306,A005387,현대차2우B,20160502,99600,100000,98500,99300,34061,015,37613000
1307,A005387,현대차2우B,20160429,102000,102500,99300,99900,132584,015,37613000
1308,A005387,현대차2우B,20160428,104500,104500,100500,103000,161313,015,37613000
1309,A005387,현대차2우B,20160427,106000,106500,103000,105000,109504,015,37613000
1310,A005387,현대차2우B,20160426,105000,107000,104000,107000,49738,015,37613000
1311,A005387,현대차2우B,20160425,104000,105500,104000,105000,105335,015,37613000
1312,A005387,현대차2우B,20160422,106000,106500,103500,105000,100478,015,37613000
1313,A005387,현대차2우B,20160421,106000,107500,105500,106000,57694,015,37613000
1314,A005387,현대차2우B,20160420,107500,108500,106000,106000,45781,015,37613000
1315,A005387,현대차2우B,20160419,107500,109000,106500,107500,47082,015,37613000
1316,A005387,현대차2우B,20160418,104000,107500,104000,107000,62994,015,37613000
1317,A005387,현대차2우B,20160415,104500,105000,103000,104500,28161,015,37613000
1318,A005387,현대차2우B,20160414,106000,107000,104000,104000,71740,015,37613000
1319,A005387,현대차2우B,20160412,103000,105000,102500,104000,56772,015,37613000
1320,A005387,현대차2우B,20160411,102000,103500,101000,103500,36638,015,37613000
1321,A005387,현대차2우B,20160408,100500,102000,99400,102000,45582,015,37613000
1322,A005387,현대차2우B,20160407,100500,101000,99300,101000,79376,015,37613000
1323,A005387,현대차2우B,20160406,99600,100500,99100,99700,80266,015,37613000
1324,A005387,현대차2우B,20160405,101500,101500,99700,99700,61296,015,37613000
1325,A005387,현대차2우B,20160404,103000,103000,99700,101500,97288,015,37613000
1326,A005387,현대차2우B,20160401,106000,106000,102500,103000,94225,015,37613000
1327,A005387,현대차2우B,20160331,107500,107500,102500,106000,126780,015,37613000
1328,A005387,현대차2우B,20160330,110000,112500,106000,106500,142136,015,37613000
1329,A005387,현대차2우B,20160329,107500,109000,106500,109000,68923,015,37613000
1330,A005387,현대차2우B,20160328,108000,109500,107000,107500,31824,015,37613000
1331,A005387,현대차2우B,20160325,111000,111000,107500,107500,35614,015,37613000
1332,A005387,현대차2우B,20160324,111000,112000,110000,111500,49037,015,37613000
1333,A005387,현대차2우B,20160323,112000,112500,111000,112000,92944,015,37613000
1334,A005387,현대차2우B,20160322,108000,113500,108000,113000,208889,015,37613000
1335,A005387,현대차2우B,20160321,105000,109000,104500,109000,122297,015,37613000
1336,A005387,현대차2우B,20160318,103000,104500,102500,104500,131027,015,37613000
1337,A005387,현대차2우B,20160317,105000,105000,102000,102500,132897,015,37613000
1338,A005387,현대차2우B,20160316,104000,104500,103000,104000,39890,015,37613000
1339,A005387,현대차2우B,20160315,104000,104000,102000,104000,70734,015,37613000
1340,A005387,현대차2우B,20160314,103500,104500,103000,104000,78845,015,37613000
1341,A005387,현대차2우B,20160311,104500,104500,103500,104000,62034,015,37613000
1342,A005387,현대차2우B,20160310,104000,104500,102500,104500,100388,015,37613000
1343,A005387,현대차2우B,20160309,104500,104500,102000,104000,112204,015,37613000
1344,A005387,현대차2우B,20160308,104500,105500,102500,104500,81864,015,37613000
1345,A005387,현대차2우B,20160307,105000,105500,103500,105000,61509,015,37613000
1346,A005387,현대차2우B,20160304,104500,105500,102500,105000,80088,015,37613000
1347,A005387,현대차2우B,20160303,106000,106000,103000,105500,61498,015,37613000
1348,A005387,현대차2우B,20160302,104500,106500,103000,105500,96521,015,37613000
1349,A005387,현대차2우B,20160229,105000,106000,102500,103000,93009,015,37613000
1350,A005387,현대차2우B,20160226,106500,106500,104500,105000,61323,015,37613000
1351,A005387,현대차2우B,20160225,107500,109500,105500,107000,67702,015,37613000
1352,A005387,현대차2우B,20160224,108500,109000,106500,108000,37020,015,37613000
1353,A005387,현대차2우B,20160223,107500,109500,106000,109000,70063,015,37613000
1354,A005387,현대차2우B,20160222,107000,109500,104500,109000,51274,015,37613000
1355,A005387,현대차2우B,20160219,107500,109500,106500,108500,74439,015,37613000
1356,A005387,현대차2우B,20160218,108000,108500,104000,108000,94471,015,37613000
1357,A005387,현대차2우B,20160217,104500,107500,103500,107500,80481,015,37613000
1358,A005387,현대차2우B,20160216,105000,107000,102000,104500,74587,015,37613000
1359,A005387,현대차2우B,20160215,101500,106000,101000,106000,64411,015,37613000
1360,A005387,현대차2우B,20160212,98700,104000,98300,101500,157452,015,37613000
1361,A005387,현대차2우B,20160211,98900,99800,97400,98700,97115,015,37613000
1362,A005387,현대차2우B,20160205,100000,102000,100000,101000,58928,015,37613000
1363,A005387,현대차2우B,20160204,97800,102000,97600,102000,35093,015,37613000
1364,A005387,현대차2우B,20160203,98900,98900,96200,97600,68634,015,37613000
1365,A005387,현대차2우B,20160202,99400,99400,98400,99000,138703,015,37613000
1366,A005387,현대차2우B,20160201,100500,100500,97000,100500,166268,015,37613000
1367,A005387,현대차2우B,20160129,99500,102000,98700,101000,159773,015,37613000
1368,A005387,현대차2우B,20160128,98100,100500,98100,100500,124117,015,37613000
1369,A005387,현대차2우B,20160127,98000,99700,97400,99100,95679,015,37613000
1370,A005387,현대차2우B,20160126,97200,98400,96100,98000,73235,015,37613000
1371,A005387,현대차2우B,20160125,99200,99200,96300,98800,83613,015,37613000
1372,A005387,현대차2우B,20160122,98000,99500,97700,98000,35226,015,37613000
1373,A005387,현대차2우B,20160121,96600,99300,96200,97000,55333,015,37613000
1374,A005387,현대차2우B,20160120,99700,99700,95600,97500,52164,015,37613000
1375,A005387,현대차2우B,20160119,94600,99900,93600,99900,57302,015,37613000
1376,A005387,현대차2우B,20160118,93800,95600,93300,94400,61423,015,37613000
1377,A005387,현대차2우B,20160115,98100,99100,95100,95100,51121,015,37613000
1378,A005387,현대차2우B,20160114,98300,99900,97600,98000,48712,015,37613000
1379,A005387,현대차2우B,20160113,100500,101500,99700,100000,74875,015,37613000
1380,A005387,현대차2우B,20160112,99100,100500,98900,100500,22822,015,37613000
1381,A005387,현대차2우B,20160111,95100,100500,95100,99000,55915,015,37613000
1382,A005387,현대차2우B,20160108,95200,97700,89800,96200,78785,015,37613000
1383,A005387,현대차2우B,20160107,98700,99100,97100,97100,80911,015,37613000
1384,A005387,현대차2우B,20160106,99800,100500,97600,98400,115470,015,37613000
1385,A005387,현대차2우B,20160105,100000,101000,99400,99700,153927,015,37613000
1386,A005387,현대차2우B,20160104,104000,104500,100000,100000,101491,015,37613000
